39 489

431 16908
172 6807
739 28920
909 35550
783 30636
884 34575
166 6573
280 11019
290 11409
72 2907
51 2088
560 21939
201 7938
918 35901
776 30363
816 31923
260 10239
921 36018
251 9888
46 1893
50 2049
429 16830
344 13515
867 33912
212 8367
842 32937
826 32313
866 33873
884 34575
93 3726
996 38943
830 32469
501 19638
771 30168
949 37110
244 9615
193 7626
21 918
819 32040
468 18351
241 9498
763 29856
447 17532
670 26229
369 14490
1007 39372
21 918
446 17493
482 18897
304 11955
744 29115
289 11370
399 15660
944 36915
394 15465
61 2478
391 15348
885 34614
653 25566
865 33834
316 12423
580 22719
21 918
878 34341
592 23187
292 11487
50 2049
415 16284
198 7821
772 30207
922 36057
824 32235
686 26853
683 26736
87 3492
643 25176
432 16947
394 15465
907 35472
438 17181
596 23343
251 9888
309 12150
957 37422
248 9771
321 12618
829 32430
10 489
335 13164
373 14646
793 31026
328 12891
486 19053
607 23772
586 22953
734 28725
995 38904
34 1425
129 5130
912 35667
519 20340
563 22056
414 16245
126 5013
907 35472
803 31416
568 22251
466 18273
971 37968
436 17103
561 21978
312 12267
67 2712
503 19716
141 5598
749 29310
338 13281
206 8133
906 35433
791 30948
719 28140
907 35472
962 37617
263 10356
307 12072
559 21900
263 10356
604 23655
681 26658
689 26970
728 28491
595 23304
81 3258
273 10746
308 12111
15 684
265 10434
989 38670
19 840
33 1386
912 35667
67 2712
544 21315
559 21900
285 11214
736 28803
620 24279
206 8133
306 12033
203 8016
313 12306
469 18390
882 34497
603 23616
646 25293
806 31533
264 10395
823 32196
908 35511
411 16128
164 6495
587 22992
428 16791
786 30753
777 30402
103 4116
867 33912
620 24279
234 9225
643 25176
377 14802
934 36525
364 14295
317 12462
425 16674
924 36135
857 33522
172 6807
599 23460
307 12072
498 19521
543 21276
363 14256
540 21159
178 7041
596 23343
402 15777
637 24942
167 6612
642 25137
129 5130
563 22056
168 6651
89 3570
618 24201
104 4155
471 18468
867 33912
779 30480
1003 39216
766 29973
991 38748
146 5793
152 6027
926 36213
219 8640
1004 39255
610 23889
735 28764
518 20301
474 18585
582 22797
839 32820
734 28725
495 19404
646 25293
983 38436
810 31689
188 7431
101 4038
70 2829
990 38709
656 25683
129 5130
115 4584
520 20379
295 11604
709 27750
549 21510
498 19521
948 37071
432 16947
804 31455
116 4623
128 5091
540 21159
195 7704
295 11604
863 33756
646 25293
335 13164
768 30051
573 22446
53 2166
725 28374
405 15894
653 25566
902 35277
921 36018
27 1152
36 1503
101 4038
792 30987
858 33561
595 23304
484 18975
659 25800
423 16596
830 32469
643 25176
688 26931
47 1932
179 7080
283 11136
764 29895
320 12579
190 7509
925 36174
357 14022
224 8835
581 22758
973 38046
528 20691
978 38241
880 34419
337 13242
360 14139
451 17688
550 21549
102 4077
173 6846
254 10005
504 19755
67 2712
350 13749
529 20730
401 15738
687 26892
696 27243
103 4116
136 5403
389 15270
585 22914
438 17181
96 3843
370 14529
204 8055
212 8367
78 3141
666 26073
35 1464
522 20457
369 14490
146 5793
697 27282
516 20223
577 22602
632 24747
199 7860
487 19092
361 14178
331 13008
419 16440
912 35667
395 15504
201 7938
970 37929
931 36408
176 6963
580 22719
486 19053
611 23928
361 14178
227 8952
164 6495
930 36369
244 9615
489 19170
820 32079
462 18117
635 24864
904 35355
489 19170
491 19248
168 6651
234 9225
958 37461
371 14568
396 15543
909 35550
93 3726
601 23538
635 24864
118 4701
838 32781
804 31455
510 19989
378 14841
680 26619
828 32391
589 23070
96 3843
264 10395
620 24279
87 3492
415 16284
568 22251
596 23343
756 29583
883 34536
415 16284
150 5949
595 23304
379 14880
699 27360
225 8874
977 38202
883 34536
996 38943
556 21783
776 30363
873 34146
1008 39411
73 2946
126 5013
672 26307
353 13866
559 21900
394 15465
59 2400
628 24591
490 19209
674 26385
832 32547
925 36174
363 14256
866 33873
701 27438
168 6651
887 34692
512 20067
773 30246
992 38787
353 13866
153 6066
731 28608
794 31065
680 26619
989 38670
190 7509
408 16011
763 29856
816 31923
81 3258
489 19170
807 31572
912 35667
507 19872
852 33327
23 996
627 24552
418 16401
416 16323
522 20457
913 35706
187 7392
940 36759
895 35004
402 15777
515 20184
227 8952
332 13047
544 21315
766 29973
653 25566
34 1425
941 36798
13 606
51 2088
897 35082
46 1893
511 20028
295 11604
698 27321
652 25527
705 27594
470 18429
110 4389
889 34770
337 13242
561 21978
488 19131
545 21354
511 20028
997 38982
779 30480
408 16011
712 27867
428 16791
88 3531
170 6729
969 37890
76 3063
114 4545
179 7080
407 15972
195 7704
323 12696
984 38475
164 6495
836 32703
465 18234
502 19677
660 25839
957 37422
742 29037
951 37188
64 2595
710 27789
277 10902
946 36993
764 29895
127 5052
880 34419
45 1854
810 31689
182 7197
782 30597
304 11955
282 11097
726 28413
988 38631
978 38241
108 4311
210 8289
1010 39489
93 3726
640 25059
530 20769
618 24201
666 26073
526 20613
715 27984
537 21042
626 24513
57 2322
444 17415
854 33405
346 13593
77 3102
843 32976
689 26970
547 21432
227 8952
69 2790
837 32742
196 7743
111 4428
866 33873
573 22446
395 15504
813 31806
337 13242
798 31221
42 1737
670 26229
103 4116
923 36096
794 31065
518 20301
153 6066
502 19677
908 35511
905 35394
723 28296
500 19599
794 31065
984 38475
662 25917
225 8874
191 7548
461 18078
296 11643
618 24201
509 19950
171 6768
527 20652
297 11682
691 27048
252 9927
1007 39372
222 8757
38 1581
171 6768
929 36330
123 4896
174 6885
426 16713
351 13788
569 22290
390 15309
53 2166
821 32118
294 11565
870 34029
561 21978
31 1308
507 19872
486 19053
620 24279
523 20496
46 1893
221 8718
561 21978
643 25176
190 7509
893 34926
433 16986
59 2400
653 25566
786 30753
90 3609
451 17688
685 26814
81 3258
879 34380
646 25293
305 11994
587 22992
469 18390
60 2439
297 11682
837 32742
723 28296
753 29466
922 36057
144 5715
927 36252
450 17649
444 17415
736 28803
515 20184
199 7860
735 28764
496 19443
100 3999
484 18975
932 36447
974 38085
492 19287
644 25215
52 2127
179 7080
490 19209
921 36018
389 15270
325 12774
72 2907
490 19209
99 3960
855 33444
643 25176
350 13749
764 29895
66 2673
603 23616
854 33405
409 16050
668 26151
645 25254
81 3258
390 15309
909 35550
964 37695
668 26151
397 15582
289 11370
434 17025
340 13359
18 801
422 16557
700 27399
387 15192
809 31650
91 3648
897 35082
198 7821
382 14997
865 33834
972 38007
993 38826
146 5793
936 36603
663 25956
120 4779
733 28686
796 31143
445 17454
46 1893
321 12618
655 25644
850 33249
669 26190
254 10005
855 33444
1009 39450
88 3531
322 12657
56 2283
713 27906
799 31260
372 14607
620 24279
444 17415
615 24084
38 1581
676 26463
85 3414
593 23226
490 19209
51 2088
888 34731
112 4467
442 17337
973 38046
577 22602
622 24357
389 15270
669 26190
754 29505
116 4623
487 19092
307 12072
990 38709
940 36759
645 25254
58 2361
748 29271
626 24513
270 10629
259 10200
781 30558
379 14880
517 20262
807 31572
281 11058
587 22992
939 36720
514 20145
692 27087
948 37071
903 35316
585 22914
784 30675
787 30792
54 2205
774 30285
498 19521
854 33405
593 23226
359 14100
781 30558
96 3843
445 17454
631 24708
587 22992
547 21432
538 21081
835 32664
584 22875
734 28725
401 15738
936 36603
566 22173
654 25605
43 1776
259 10200
627 24552
438 17181
696 27243
439 17220
786 30753
713 27906
412 16167
857 33522
330 12969
569 22290
124 4935
629 24630
184 7275
822 32157
745 29154
976 38163
524 20535
164 6495
502 19677
563 22056
473 18546
128 5091
928 36291
177 7002
699 27360
236 9303
390 15309
417 16362
453 17766
450 17649
442 17337
134 5325
969 37890
750 29349
734 28725
901 35238
729 28530
113 4506
88 3531
345 13554
168 6651
166 6573
997 38982
468 18351
494 19365
747 29232
944 36915
838 32781
897 35082
110 4389
1003 39216
208 8211
44 1815
429 16830
902 35277
461 18078
625 24474
148 5871
479 18780
663 25956
984 38475
404 15855
578 22641
110 4389
69 2790
257 10122
22 957
990 38709
242 9537
448 17571
342 13437
76 3063
612 23967
893 34926
780 30519
756 29583
496 19443
402 15777
527 20652
344 13515
401 15738
364 14295
610 23889
847 33132
588 23031
343 13476
780 30519
357 14022
372 14607
682 26697
261 10278
32 1347
692 27087
847 33132
810 31689
739 28920
388 15231
487 19092
628 24591
884 34575
687 26892
823 32196
386 15153
271 10668
194 7665
511 20028
19 840
270 10629
206 8133
599 23460
976 38163
554 21705
343 13476
797 31182
109 4350
518 20301
689 26970
882 34497
750 29349
794 31065
1003 39216
504 19755
756 29583
385 15114
531 20808
525 20574
346 13593
579 22680
766 29973
662 25917
401 15738
632 24747
425 16674
567 22212
891 34848
678 26541
816 31923
124 4935
80 3219
176 6963
71 2868
226 8913
959 37500
158 6261
288 11331
492 19287
780 30519
1008 39411
494 19365
398 15621
22 957
428 16791
412 16167
723 28296
756 29583
163 6456
938 36681
911 35628
629 24630
235 9264
348 13671
518 20301
659 25800
465 18234
361 14178
306 12033
162 6417
835 32664
765 29934
159 6300
208 8211
123 4896
180 7119
137 5442
972 38007
278 10941
278 10941
192 7587
315 12384
151 5988
110 4389
28 1191
112 4467
424 16635
598 23421
157 6222
703 27516
862 33717
725 28374
191 7548
786 30753
541 21198
98 3921
954 37305
105 4194
296 11643
957 37422
796 31143
965 37734
167 6612
110 4389
770 30129
531 20808
250 9849
433 16986
484 18975
536 21003
754 29505
706 27633
986 38553
325 12774
856 33483
878 34341
974 38085
985 38514
61 2478
814 31845
750 29349
964 37695
624 24435
132 5247
358 14061
653 25566
904 35355
725 28374
634 24825
892 34887
155 6144
674 26385
199 7860
849 33210
843 32976
982 38397
820 32079
425 16674
573 22446
226 8913
501 19638
819 32040
887 34692
147 5832
993 38826
260 10239
276 10863
976 38163
63 2556
756 29583
583 22836
771 30168
544 21315
381 14958
583 22836
23 996
885 34614
346 13593
498 19521
714 27945
267 10512
659 25800
300 11799
25 1074
866 33873
555 21744
337 13242
322 12657
924 36135
561 21978
263 10356
158 6261
166 6573
693 27126
734 28725
794 31065
536 21003
41 1698
744 29115
337 13242
326 12813
1006 39333
289 11370
125 4974
645 25254
174 6885
980 38319
929 36330
660 25839
619 24240
550 21549
273 10746
54 2205
649 25410
123 4896
812 31767
856 33483
955 37344
632 24747
581 22758
146 5793
511 20028
555 21744
446 17493
141 5598
159 6300
185 7314
276 10863
614 24045
346 13593
689 26970
433 16986
268 10551
563 22056
137 5442
112 4467
661 25878
750 29349
322 12657
370 14529
426 16713
639 25020
101 4038
879 34380
56 2283
939 36720
409 16050
127 5052
867 33912
60 2439
404 15855
399 15660
128 5091
413 16206
216 8523
975 38124
593 23226
675 26424
649 25410
78 3141
19 840
590 23109
481 18858
389 15270
855 33444
85 3414
711 27828
544 21315
649 25410
927 36252
188 7431
757 29622
244 9615
287 11292
607 23772
212 8367
344 13515
252 9927
347 13632
70 2829
563 22056
546 21393
1005 39294
417 16362
389 15270
308 12111
375 14724
829 32430
410 16089
775 30324
166 6573
132 5247
552 21627
281 11058
91 3648
164 6495
760 29739
407 15972
503 19716
136 5403
613 24006
524 20535
812 31767
842 32937
803 31416
666 26073
106 4233
851 33288
849 33210
553 21666
43 1776
301 11838
420 16479
602 23577
412 16167
712 27867
822 32157
292 11487
110 4389
627 24552
242 9537
694 27165
793 31026
837 32742
370 14529
57 2322
127 5052
640 25059
874 34185
443 17376
715 27984
766 29973
367 14412
489 19170
30 1269
943 36876
268 10551
683 26736
929 36330
156 6183
622 24357
349 13710
643 25176
417 16362
892 34887
951 37188
539 21120
248 9771
352 13827
388 15231
380 14919
444 17415
306 12033
885 34614
377 14802
390 15309
478 18741
538 21081
955 37344
966 37773
1000 39099
520 20379
1007 39372
51 2088
588 23031
69 2790
680 26619
123 4896
534 20925
489 19170
732 28647
78 3141
428 16791
931 36408
162 6417
849 33210
994 38865
58 2361
237 9342
741 28998
615 24084
775 30324
633 24786
742 29037
252 9927
440 17259
433 16986
337 13242
86 3453
866 33873
791 30948
498 19521
185 7314
838 32781
785 30714
576 22563
443 17376
909 35550
903 35316
441 17298
304 11955
585 22914
90 3609
775 30324
102 4077
189 7470
513 20106
780 30519
963 37656
250 9849
210 8289
237 9342
636 24903
318 12501
806 31533
750 29349
785 30714
177 7002
440 17259
943 36876
47 1932
975 38124
817 31962
687 26892
880 34419
208 8211
102 4077
223 8796
448 17571
156 6183
546 21393
908 35511
84 3375
473 18546
980 38319
420 16479
797 31182
509 19950
299 11760
390 15309
265 10434
301 11838
228 8991
673 26346
211 8328
502 19677
717 28062
752 29427
630 24669
755 29544
184 7275
911 35628
670 26229
316 12423
314 12345
911 35628
351 13788
373 14646
575 22524
920 35979
355 13944
601 23538
926 36213
409 16050
691 27048
126 5013
55 2244
437 17142
472 18507
469 18390
574 22485
920 35979
941 36798
866 33873
295 11604
16 723
990 38709
197 7782
574 22485
583 22836
434 17025
347 13632
928 36291
378 14841
975 38124
691 27048
189 7470
827 32352
752 29427
366 14373
352 13827
450 17649
402 15777
304 11955
492 19287
106 4233
264 10395
750 29349
179 7080
1001 39138
954 37305
914 35745
381 14958
107 4272
339 13320
829 32430
824 32235
592 23187
666 26073
704 27555
155 6144
45 1854
278 10941
456 17883
810 31689
462 18117
343 13476
294 11565
63 2556
136 5403
296 11643
493 19326
977 38202
665 26034
612 23967
873 34146
107 4272
461 18078
698 27321
823 32196
690 27009
479 18780
249 9810
714 27945
210 8289
186 7353
498 19521
905 35394
680 26619
214 8445
721 28218
744 29115
168 6651
451 17688
374 14685
381 14958
625 24474
164 6495
224 8835
681 26658
848 33171
741 28998
551 21588
549 21510
533 20886
563 22056
236 9303
757 29622
646 25293
218 8601
761 29778
287 11292
320 12579
827 32352
631 24708
148 5871
112 4467
485 19014
857 33522
57 2322
251 9888
453 17766
559 21900
331 13008
766 29973
702 27477
608 23811
1009 39450
36 1503
36 1503
327 12852
179 7080
565 22134
613 24006
611 23928
760 29739
699 27360
89 3570
245 9654
340 13359
817 31962
411 16128
654 25605
1006 39333
909 35550
119 4740
416 16323
109 4350
236 9303
319 12540
571 22368
626 24513
660 25839
703 27516
710 27789
23 996
980 38319
885 34614
520 20379
913 35706
171 6768
27 1152
386 15153
788 30831
948 37071
694 27165
680 26619
239 9420
266 10473
158 6261
514 20145
179 7080
781 30558
841 32898
196 7743
895 35004
817 31962
536 21003
647 25332
989 38670
325 12774
930 36369
239 9420
452 17727
596 23343
505 19794
474 18585
884 34575
427 16752
604 23655
672 26307
429 16830
920 35979
373 14646
372 14607
648 25371
227 8952
878 34341
762 29817
340 13359
707 27672
939 36720
994 38865
847 33132
714 27945
384 15075
94 3765
486 19053
686 26853
947 37032
276 10863
256 10083
368 14451
27 1152
599 23460
629 24630
228 8991
120 4779
549 21510
396 15543
47 1932
830 32469
778 30441
673 26346
613 24006
428 16791
236 9303
257 10122
717 28062
225 8874
637 24942
795 31104
429 16830
825 32274
209 8250
294 11565
706 27633
134 5325
807 31572
739 28920
862 33717
147 5832
333 13086
555 21744
79 3180
354 13905
367 14412
400 15699
779 30480
673 26346
419 16440
247 9732
497 19482
909 35550
615 24084
469 18390
959 37500
487 19092
586 22953
170 6729
299 11760
232 9147
789 30870
948 37071
602 23577
800 31299
559 21900
586 22953
870 34029
292 11487
1007 39372
104 4155
307 12072
108 4311
704 27555
323 12696
250 9849
869 33990
132 5247
623 24396
515 20184
799 31260
191 7548
724 28335
458 17961
710 27789
886 34653
606 23733
343 13476
313 12306
620 24279
359 14100
794 31065
100 3999
977 38202
556 21783
306 12033
481 18858
309 12150
779 30480
174 6885
21 918
205 8094
887 34692
829 32430
117 4662
805 31494
46 1893
894 34965
436 17103
382 14997
869 33990
400 15699
26 1113
49 2010
137 5442
625 24474
314 12345
565 22134
362 14217
529 20730
686 26853
150 5949
774 30285
297 11682
819 32040
705 27594
282 11097
46 1893
959 37500
436 17103
404 15855
199 7860
238 9381
105 4194
524 20535
158 6261
594 23265
603 23616
116 4623
113 4506
402 15777
429 16830
361 14178
757 29622
562 22017
887 34692
964 37695
862 33717
388 15231
985 38514
891 34848
841 32898
697 27282
269 10590
796 31143
890 34809
906 35433
830 32469
116 4623
352 13827
402 15777
290 11409
388 15231
420 16479
572 22407
32 1347
11 528
783 30636
332 13047
387 15192
600 23499
648 25371
348 13671
673 26346
630 24669
214 8445
881 34458
238 9381
640 25059
116 4623
462 18117
973 38046
709 27750
384 15075
709 27750
352 13827
556 21783
567 22212
468 18351
54 2205
603 23616
544 21315
186 7353
794 31065
235 9264
487 19092
84 3375
830 32469
537 21042
592 23187
888 34731
117 4662
943 36876
782 30597
458 17961
1001 39138
979 38280
176 6963
149 5910
701 27438
417 16362
395 15504
619 24240
118 4701
170 6729
829 32430
724 28335
706 27633
809 31650
360 14139
197 7782
766 29973
494 19365
725 28374
643 25176
894 34965
611 23928
714 27945
997 38982
478 18741
437 17142
635 24864
158 6261
368 14451
543 21276
939 36720
83 3336
170 6729
31 1308
369 14490
502 19677
435 17064
927 36252
66 2673
198 7821
512 20067
86 3453
272 10707
175 6924
831 32508
177 7002
913 35706
743 29076
177 7002
704 27555
890 34809
736 28803
789 30870
580 22719
534 20925
990 38709
635 24864
805 31494
402 15777
268 10551
253 9966
947 37032
324 12735
462 18117
803 31416
466 18273
682 26697
848 33171
532 20847
755 29544
234 9225
619 24240
448 17571
995 38904
477 18702
341 13398
623 24396
389 15270
536 21003
291 11448
616 24123
735 28764
953 37266
771 30168
578 22641
790 30909
154 6105
764 29895
577 22602
300 11799
783 30636
248 9771
108 4311
453 17766
812 31767
35 1464
69 2790
804 31455
591 23148
913 35706
178 7041
512 20067
900 35199
319 12540
453 17766
478 18741
104 4155
48 1971
576 22563
910 35589
608 23811
633 24786
584 22875
620 24279
48 1971
751 29388
300 11799
682 26697
334 13125
635 24864
333 13086
392 15387
435 17064
608 23811
210 8289
271 10668
615 24084
807 31572
21 918
48 1971
440 17259
541 21198
547 21432
202 7977
192 7587
437 17142
870 34029
653 25566
892 34887
320 12579
85 3414
837 32742
497 19482
459 18000
995 38904
664 25995
63 2556
229 9030
213 8406
575 22524
950 37149
470 18429
508 19911
584 22875
587 22992
242 9537
511 20028
57 2322
784 30675
576 22563
205 8094
680 26619
481 18858
405 15894
797 31182
41 1698
385 15114
623 24396
783 30636
707 27672
946 36993
225 8874
758 29661
234 9225
962 37617
726 28413
369 14490
303 11916
733 28686
962 37617
494 19365
599 23460
285 11214
763 29856
957 37422
750 29349
322 12657
831 32508
762 29817
177 7002
660 25839
319 12540
550 21549
327 12852
278 10941
861 33678
662 25917
778 30441
536 21003
668 26151
930 36369
600 23499
246 9693
795 31104
302 11877
758 29661
184 7275
680 26619
187 7392
803 31416
325 12774
305 11994
520 20379
15 684
979 38280
815 31884
564 22095
321 12618
307 12072
353 13866
56 2283
233 9186
807 31572
13 606
846 33093
486 19053
309 12150
91 3648
365 14334
77 3102
147 5832
403 15816
510 19989
525 20574
768 30051
680 26619
504 19755
1006 39333
106 4233
158 6261
780 30519
902 35277
748 29271
871 34068
94 3765
163 6456
543 21276
94 3765
78 3141
274 10785
771 30168
728 28491
381 14958
126 5013
527 20652
632 24747
137 5442
221 8718
144 5715
385 15114
582 22797
373 14646
563 22056
332 13047
730 28569
185 7314
190 7509
1007 39372
551 21588
691 27048
49 2010
178 7041
271 10668
707 27672
19 840
869 33990
471 18468
529 20730
126 5013
972 38007
422 16557
72 2907
98 3921
699 27360
508 19911
925 36174
619 24240
329 12930
868 33951
475 18624
118 4701
722 28257
719 28140
106 4233
318 12501
498 19521
242 9537
158 6261
973 38046
624 24435
835 32664
377 14802
379 14880
1004 39255
698 27321
394 15465
910 35589
61 2478
923 36096
798 31221
634 24825
581 22758
43 1776
637 24942
199 7860
256 10083
787 30792
660 25839
394 15465
149 5910
603 23616
117 4662
893 34926
197 7782
79 3180
192 7587
859 33600
12 567
977 38202
912 35667
176 6963
917 35862
818 32001
747 29232
1008 39411
455 17844
130 5169
175 6924
615 24084
49 2010
649 25410
700 27399
964 37695
204 8055
239 9420
423 16596
224 8835
436 17103
55 2244
191 7548
549 21510
765 29934
715 27984
502 19677
764 29895
114 4545
323 12696
79 3180
526 20613
995 38904
918 35901
214 8445
29 1230
916 35823
176 6963
78 3141
916 35823
147 5832
718 28101
274 10785
244 9615
175 6924
24 1035
463 18156
753 29466
282 11097
102 4077
919 35940
609 23850
385 15114
627 24552
866 33873
172 6807
116 4623
778 30441
337 13242
24 1035
42 1737
252 9927
393 15426
972 38007
405 15894
828 32391
283 11136
486 19053
66 2673
572 22407
631 24708
344 13515
301 11838
338 13281
796 31143
45 1854
816 31923
939 36720
830 32469
629 24630
116 4623
756 29583
624 24435
308 12111
554 21705
645 25254
598 23421
28 1191
490 19209
88 3531
188 7431
370 14529
599 23460
728 28491
298 11721
912 35667
520 20379
287 11292
501 19638
196 7743
770 30129
842 32937
134 5325
758 29661
236 9303
192 7587
582 22797
732 28647
179 7080
721 28218
853 33366
113 4506
332 13047
523 20496
416 16323
692 27087
86 3453
611 23928
855 33444
121 4818
122 4857
514 20145
539 21120
380 14919
673 26346
272 10707
165 6534
771 30168
996 38943
996 38943
918 35901
502 19677
273 10746
509 19950
971 37968
638 24981
609 23850
870 34029
668 26151
204 8055
15 684
831 32508
320 12579
414 16245
173 6846
756 29583
134 5325
938 36681
12 567
274 10785
847 33132
917 35862
391 15348
769 30090
694 27165
403 15816
197 7782
958 37461
54 2205
334 13125
125 4974
326 12813
881 34458
668 26151
268 10551
475 18624
694 27165
144 5715
322 12657
944 36915
738 28881
863 33756
631 24708
249 9810
651 25488
789 30870
249 9810
482 18897
229 9030
569 22290
568 22251
450 17649
99 3960
745 29154
390 15309
680 26619
498 19521
159 6300
833 32586
248 9771
31 1308
648 25371
645 25254
515 20184
811 31728
512 20067
152 6027
538 21081
921 36018
478 18741
636 24903
738 28881
561 21978
385 15114
546 21393
827 32352
374 14685
587 22992
143 5676
773 30246
241 9498
713 27906
419 16440
995 38904
985 38514
901 35238
944 36915
922 36057
722 28257
118 4701
898 35121
945 36954
557 21822
111 4428
541 21198
487 19092
649 25410
222 8757
275 10824
245 9654
690 27009
636 24903
164 6495
945 36954
204 8055
325 12774
377 14802
206 8133
358 14061
903 35316
207 8172
756 29583
715 27984
933 36486
214 8445
256 10083
172 6807
936 36603
770 30129
711 27828
77 3102
839 32820
357 14022
386 15153
596 23343
149 5910
435 17064
647 25332
294 11565
277 10902
141 5598
824 32235
329 12930
36 1503
617 24162
782 30597
438 17181
29 1230
779 30480
153 6066
950 37149
831 32508
275 10824
729 28530
834 32625
960 37539
987 38592
410 16089
102 4077
696 27243
293 11526
253 9966
694 27165
547 21432
569 22290
362 14217
759 29700
781 30558
416 16323
983 38436
466 18273
889 34770
473 18546
1005 39294
478 18741
48 1971
710 27789
789 30870
207 8172
950 37149
224 8835
858 33561
535 20964
148 5871
516 20223
766 29973
240 9459
251 9888
391 15348
587 22992
465 18234
966 37773
361 14178
633 24786
252 9927
21 918
522 20457
580 22719
481 18858
29 1230
391 15348
513 20106
223 8796
64 2595
309 12150
742 29037
387 15192
495 19404
880 34419
621 24318
455 17844
307 12072
165 6534
249 9810
117 4662
185 7314
497 19482
817 31962
29 1230
975 38124
15 684
27 1152
670 26229
14 645
389 15270
652 25527
214 8445
290 11409
595 23304
908 35511
768 30051
633 24786
718 28101
227 8952
582 22797
65 2634
534 20925
629 24630
366 14373
744 29115
62 2517
15 684
829 32430
580 22719
338 13281
826 32313
801 31338
998 39021
155 6144
119 4740
841 32898
128 5091
589 23070
117 4662
413 16206
501 19638
205 8094
185 7314
507 19872
874 34185
193 7626
321 12618
177 7002
686 26853
916 35823
247 9732
635 24864
857 33522
1002 39177
185 7314
374 14685
319 12540
384 15075
910 35589
110 4389
295 11604
694 27165
725 28374
814 31845
429 16830
812 31767
327 12852
498 19521
692 27087
714 27945
811 31728
815 31884
615 24084
41 1698
909 35550
450 17649
902 35277
599 23460
690 27009
462 18117
394 15465
959 37500
61 2478
890 34809
292 11487
1005 39294
790 30909
562 22017
586 22953
162 6417
639 25020
437 17142
140 5559
658 25761
934 36525
539 21120
268 10551
831 32508
905 35394
61 2478
165 6534
827 32352
776 30363
644 25215
412 16167
272 10707
240 9459
469 18390
785 30714
814 31845
600 23499
352 13827
383 15036
926 36213
491 19248
751 29388
140 5559
16 723
576 22563
10 489
168 6651
14 645
262 10317
300 11799
218 8601
931 36408
415 16284
41 1698
660 25839
998 39021
280 11019
118 4701
340 13359
862 33717
178 7041
383 15036
60 2439
273 10746
557 21822
752 29427
189 7470
374 14685
486 19053
294 11565
305 11994
724 28335
28 1191
947 37032
569 22290
727 28452
382 14997
345 13554
106 4233
491 19248
271 10668
377 14802
420 16479
61 2478
874 34185
158 6261
573 22446
380 14919
790 30909
754 29505
26 1113
1002 39177
587 22992
304 11955
411 16128
476 18663
119 4740
868 33951
74 2985
120 4779
84 3375
53 2166
883 34536
848 33171
542 21237
460 18039
344 13515
276 10863
283 11136
600 23499
551 21588
1007 39372
653 25566
76 3063
192 7587
608 23811
281 11058
623 24396
862 33717
861 33678
209 8250
616 24123
19 840
90 3609
11 528
899 35160
311 12228
700 27399
720 28179
379 14880
452 17727
832 32547
652 25527
944 36915
75 3024
696 27243
304 11955
981 38358
537 21042
720 28179
375 14724
978 38241
264 10395
157 6222
484 18975
735 28764
722 28257
174 6885
359 14100
1007 39372
533 20886
778 30441
653 25566
798 31221
757 29622
497 19482
579 22680
445 17454
302 11877
270 10629
590 23109
876 34263
552 21627
257 10122
202 7977
933 36486
532 20847
88 3531
205 8094
399 15660
467 18312
323 12696
720 28179
760 29739
824 32235
153 6066
77 3102
257 10122
729 28530
237 9342
619 24240
45 1854
905 35394
987 38592
188 7431
430 16869
197 7782
925 36174
364 14295
253 9966
279 10980
15 684
83 3336
270 10629
41 1698
438 17181
937 36642
646 25293
947 37032
478 18741
971 37968
613 24006
254 10005
121 4818
447 17532
847 33132
856 33483
274 10785
300 11799
39 1620
444 17415
589 23070
492 19287
10 489
412 16167
78 3141
751 29388
97 3882
255 10044
211 8328
994 38865
708 27711
848 33171
354 13905
57 2322
696 27243
864 33795
859 33600
338 13281
12 567
768 30051
376 14763
933 36486
987 38592
21 918
391 15348
154 6105
637 24942
110 4389
66 2673
289 11370
976 38163
164 6495
780 30519
577 22602
639 25020
324 12735
411 16128
50 2049
970 37929
363 14256
377 14802
64 2595
483 18936
192 7587
209 8250
419 16440
418 16401
861 33678
929 36330
965 37734
980 38319
194 7665
435 17064
49 2010
910 35589
390 15309
811 31728
484 18975
363 14256
636 24903
124 4935
802 31377
106 4233
392 15387
359 14100
822 32157
343 13476
996 38943
889 34770
696 27243
348 13671
839 32820
763 29856
831 32508
439 17220
451 17688
740 28959
454 17805
25 1074
503 19716
365 14334
493 19326
829 32430
180 7119
65 2634
59 2400
794 31065
901 35238
183 7236
161 6378
45 1854
435 17064
578 22641
751 29388
962 37617
999 39060
953 37266
912 35667
381 14958
540 21159
918 35901
353 13866
155 6144
130 5169
910 35589
631 24708
87 3492
371 14568
826 32313
301 11838
632 24747
795 31104
89 3570
85 3414
578 22641
192 7587
203 8016
464 18195
894 34965
121 4818
57 2322
576 22563
802 31377
304 11955
295 11604
105 4194
189 7470
954 37305
461 18078
802 31377
216 8523
995 38904
655 25644
215 8484
670 26229
513 20106
150 5949
80 3219
143 5676
62 2517
1005 39294
587 22992
723 28296
622 24357
935 36564
413 16206
656 25683
521 20418
722 28257
675 26424
571 22368
99 3960
547 21432
615 24084
538 21081
361 14178
279 10980
432 16947
1004 39255
608 23811
318 12501
845 33054
829 32430
743 29076
949 37110
558 21861
334 13125
879 34380
861 33678
463 18156
797 31182
698 27321
231 9108
976 38163
555 21744
871 34068
105 4194
332 13047
60 2439
784 30675
179 7080
438 17181
310 12189
983 38436
387 15192
210 8289
308 12111
725 28374
111 4428
918 35901
639 25020
621 24318
496 19443
95 3804
791 30948
63 2556
444 17415
402 15777
635 24864
303 11916
314 12345
227 8952
489 19170
715 27984
895 35004
882 34497
580 22719
624 24435
305 11994
833 32586
79 3180
860 33639
766 29973
573 22446
775 30324
615 24084
746 29193
481 18858
991 38748
249 9810
355 13944
631 24708
692 27087
275 10824
35 1464
18 801
909 35550
811 31728
245 9654
971 37968
220 8679
627 24552
115 4584
263 10356
383 15036
654 25605
616 24123
799 31260
913 35706
284 11175
174 6885
789 30870
324 12735
459 18000
108 4311
786 30753
692 27087
37 1542
262 10317
322 12657
42 1737
213 8406
600 23499
586 22953
770 30129
161 6378
646 25293
494 19365
954 37305
330 12969
547 21432
215 8484
81 3258
492 19287
135 5364
798 31221
732 28647
274 10785
753 29466
965 37734
577 22602
579 22680
202 7977
964 37695
131 5208
460 18039
89 3570
989 38670
487 19092
679 26580
101 4038
755 29544
247 9732
159 6300
61 2478
157 6222
603 23616
85 3414
415 16284
458 17961
786 30753
240 9459
295 11604
461 18078
678 26541
422 16557
927 36252
552 21627
604 23655
790 30909
455 17844
491 19248
865 33834
772 30207
763 29856
753 29466
310 12189
714 27945
107 4272
127 5052
807 31572
267 10512
633 24786
228 8991
825 32274
328 12891
794 31065
703 27516
24 1035
816 31923
376 14763
483 18936
693 27126
330 12969
951 37188
573 22446
830 32469
444 17415
801 31338
513 20106
926 36213
975 38124
583 22836
369 14490
609 23850
828 32391
132 5247
284 11175
465 18234
219 8640
205 8094
338 13281
810 31689
287 11292
843 32976
166 6573
192 7587
815 31884
772 30207
861 33678
1000 39099
999 39060
65 2634
254 10005
929 36330
160 6339
427 16752
811 31728
199 7860
276 10863
978 38241
261 10278
481 18858
571 22368
382 14997
811 31728
861 33678
858 33561
83 3336
513 20106
254 10005
176 6963
142 5637
825 32274
969 37890
696 27243
729 28530
370 14529
276 10863
237 9342
989 38670
378 14841
117 4662
178 7041
718 28101
189 7470
87 3492
314 12345
133 5286
894 34965
433 16986
994 38865
877 34302
201 7938
879 34380
484 18975
700 27399
294 11565
64 2595
964 37695
352 13827
538 21081
902 35277
294 11565
933 36486
642 25137
623 24396
810 31689
143 5676
870 34029
654 25605
910 35589
40 1659
973 38046
612 23967
395 15504
81 3258
266 10473
206 8133
160 6339
809 31650
663 25956
439 17220
784 30675
921 36018
30 1269
482 18897
797 31182
641 25098
623 24396
182 7197
594 23265
74 2985
706 27633
169 6690
1000 39099
682 26697
554 21705
999 39060
487 19092
998 39021
753 29466
759 29700
661 25878
971 37968
751 29388
779 30480
121 4818
129 5130
897 35082
561 21978
345 13554
782 30597
745 29154
394 15465
370 14529
908 35511
880 34419
312 12267
759 29700
780 30519
498 19521
643 25176
601 23538
954 37305
201 7938
100 3999
318 12501
867 33912
973 38046
255 10044
317 12462
81 3258
112 4467
72 2907
500 19599
575 22524
792 30987
68 2751
800 31299
540 21159
314 12345
471 18468
481 18858
832 32547
306 12033
400 15699
777 30402
421 16518
104 4155
959 37500
910 35589
157 6222
819 32040
923 36096
194 7665
672 26307
393 15426
1008 39411
770 30129
881 34458
766 29973
392 15387
616 24123
720 28179
817 31962
493 19326
372 14607
787 30792
668 26151
682 26697
835 32664
639 25020
481 18858
69 2790
359 14100
237 9342
252 9927
282 11097
614 24045
433 16986
178 7041
171 6768
200 7899
304 11955
836 32703
129 5130
552 21627
772 30207
389 15270
728 28491
671 26268
73 2946
998 39021
348 13671
102 4077
828 32391
577 22602
536 21003
785 30714
765 29934
623 24396
579 22680
745 29154
219 8640
919 35940
250 9849
115 4584
28 1191
415 16284
238 9381
578 22641
828 32391
232 9147
12 567
620 24279
496 19443
56 2283
417 16362
147 5832
573 22446
437 17142
954 37305
706 27633
971 37968
483 18936
295 11604
530 20769
176 6963
360 14139
991 38748
209 8250
952 37227
641 25098
345 13554
249 9810
592 23187
223 8796
122 4857
90 3609
693 27126
863 33756
765 29934
620 24279
809 31650
327 12852
281 11058
982 38397
352 13827
660 25839
619 24240
276 10863
760 29739
465 18234
141 5598
279 10980
329 12930
253 9966
637 24942
454 17805
19 840
611 23928
437 17142
673 26346
969 37890
272 10707
836 32703
13 606
903 35316
812 31767
438 17181
399 15660
786 30753
359 14100
11 528
559 21900
685 26814
592 23187
493 19326
349 13710
358 14061
564 22095
256 10083
337 13242
646 25293
708 27711
341 13398
543 21276
71 2868
51 2088
221 8718
621 24318
208 8211
297 11682
832 32547
226 8913
183 7236
592 23187
399 15660
818 32001
33 1386
842 32937
86 3453
378 14841
727 28452
775 30324
547 21432
437 17142
251 9888
62 2517
577 22602
332 13047
791 30948
612 23967
278 10941
356 13983
134 5325
57 2322
99 3960
458 17961
245 9654
427 16752
499 19560
721 28218
20 879
907 35472
842 32937
134 5325
974 38085
625 24474
427 16752
899 35160
75 3024
133 5286
723 28296
489 19170
559 21900
348 13671
515 20184
716 28023
727 28452
520 20379
325 12774
447 17532
474 18585
53 2166
453 17766
10 489
297 11682
904 35355
624 24435
513 20106
552 21627
627 24552
701 27438
684 26775
247 9732
443 17376
823 32196
491 19248
766 29973
432 16947
916 35823
836 32703
312 12267
11 528
153 6066
230 9069
914 35745
736 28803
352 13827
100 3999
30 1269
79 3180
986 38553
606 23733
108 4311
620 24279
819 32040
580 22719
823 32196
502 19677
508 19911
393 15426
815 31884
742 29037
517 20262
760 29739
23 996
287 11292
371 14568
888 34731
861 33678
569 22290
778 30441
231 9108
36 1503
442 17337
947 37032
629 24630
324 12735
654 25605
936 36603
692 27087
509 19950
201 7938
51 2088
758 29661
344 13515
31 1308
497 19482
118 4701
444 17415
371 14568
163 6456
472 18507
785 30714
255 10044
288 11331
803 31416
660 25839
459 18000
65 2634
797 31182
809 31650
13 606
58 2361
87 3492
615 24084
326 12813
440 17259
56 2283
535 20964
668 26151
411 16128
635 24864
603 23616
393 15426
205 8094
131 5208
435 17064
31 1308
14 645
563 22056
539 21120
884 34575
558 21861
813 31806
342 13437
377 14802
858 33561
377 14802
858 33561
41 1698
613 24006
935 36564
134 5325
759 29700
608 23811
788 30831
884 34575
201 7938
959 37500
387 15192
240 9459
615 24084
918 35901
81 3258
283 11136
741 28998
956 37383
923 36096
793 31026
658 25761
873 34146
673 26346
748 29271
127 5052
218 8601
727 28452
528 20691
976 38163
600 23499
1003 39216
840 32859
419 16440
432 16947
352 13827
544 21315
647 25332
549 21510
241 9498
379 14880
625 24474
968 37851
543 21276
792 30987
1008 39411
110 4389
581 22758
654 25605
860 33639
199 7860
542 21237
474 18585
816 31923
488 19131
674 26385
925 36174
523 20496
279 10980
183 7236
65 2634
396 15543
269 10590
236 9303
303 11916
272 10707
900 35199
780 30519
572 22407
512 20067
166 6573
763 29856
496 19443
22 957
336 13203
198 7821
583 22836
579 22680
460 18039
111 4428
573 22446
275 10824
63 2556
408 16011
301 11838
153 6066
629 24630
580 22719
79 3180
92 3687
130 5169
381 14958
494 19365
57 2322
147 5832
638 24981
829 32430
565 22134
939 36720
998 39021
959 37500
963 37656
903 35316
889 34770
815 31884
742 29037
225 8874
629 24630
93 3726
53 2166
744 29115
268 10551
454 17805
717 28062
998 39021
879 34380
737 28842
101 4038
426 16713
643 25176
547 21432
849 33210
46 1893
620 24279
411 16128
265 10434
704 27555
706 27633
994 38865
980 38319
945 36954
952 37227
355 13944
67 2712
404 15855
414 16245
489 19170
249 9810
46 1893
810 31689
277 10902
37 1542
103 4116
162 6417
912 35667
89 3570
661 25878
408 16011
890 34809
288 11331
322 12657
272 10707
490 19209
188 7431
44 1815
701 27438
579 22680
828 32391
243 9576
977 38202
268 10551
787 30792
49 2010
635 24864
726 28413
395 15504
222 8757
674 26385
481 18858
566 22173
634 24825
16 723
280 11019
457 17922
342 13437
392 15387
294 11565
283 11136
632 24747
268 10551
762 29817
123 4896
743 29076
84 3375
656 25683
122 4857
311 12228
364 14295
619 24240
655 25644
715 27984
565 22134
488 19131
363 14256
588 23031
437 17142
263 10356
926 36213
347 13632
350 13749
147 5832
878 34341
695 27204
347 13632
213 8406
686 26853
776 30363
586 22953
91 3648
889 34770
567 22212
316 12423
180 7119
12 567
143 5676
501 19638
813 31806
555 21744
496 19443
630 24669
415 16284
957 37422
343 13476
69 2790
403 15816
56 2283
975 38124
308 12111
861 33678
49 2010
327 12852
197 7782
543 21276
564 22095
458 17961
360 14139
164 6495
25 1074
971 37968
858 33561
677 26502
346 13593
422 16557
604 23655
859 33600
392 15387
747 29232
795 31104
846 33093
594 23265
164 6495
413 16206
890 34809
589 23070
20 879
293 11526
935 36564
189 7470
883 34536
606 23733
105 4194
12 567
231 9108
567 22212
685 26814
942 36837
286 11253
438 17181
92 3687
456 17883
430 16869
800 31299
198 7821
197 7782
728 28491
212 8367
120 4779
276 10863
927 36252
396 15543
772 30207
302 11877
705 27594
958 37461
639 25020
542 21237
441 17298
243 9576
748 29271
372 14607
950 37149
558 21861
713 27906
485 19014
535 20964
89 3570
224 8835
307 12072
68 2751
370 14529
966 37773
724 28335
433 16986
109 4350
840 32859
673 26346
564 22095
531 20808
442 17337
647 25332
793 31026
412 16167
282 11097
225 8874
533 20886
645 25254
609 23850
76 3063
120 4779
929 36330
161 6378
288 11331
62 2517
134 5325
731 28608
287 11292
47 1932
423 16596
559 21900
448 17571
744 29115
412 16167
759 29700
851 33288
486 19053
70 2829
927 36252
846 33093
299 11760
579 22680
490 19209
818 32001
960 37539
523 20496
586 22953
448 17571
36 1503
566 22173
243 9576
363 14256
868 33951
611 23928
696 27243
710 27789
565 22134
738 28881
948 37071
1005 39294
749 29310
941 36798
54 2205
715 27984
398 15621
851 33288
482 18897
402 15777
574 22485
861 33678
782 30597
405 15894
494 19365
570 22329
104 4155
206 8133
121 4818
571 22368
671 26268
837 32742
424 16635
946 36993
772 30207
875 34224
694 27165
656 25683
1010 39489
800 31299
664 25995
273 10746
958 37461
14 645
758 29661
848 33171
963 37656
265 10434
691 27048
153 6066
836 32703
299 11760
347 13632
989 38670
294 11565
652 25527
489 19170
773 30246
958 37461
112 4467
654 25605
768 30051
103 4116
1003 39216
486 19053
836 32703
855 33444
279 10980
171 6768
917 35862
850 33249
92 3687
721 28218
11 528
869 33990
818 32001
572 22407
583 22836
531 20808
189 7470
342 13437
850 33249
172 6807
118 4701
376 14763
202 7977
458 17961
504 19755
778 30441
511 20028
693 27126
731 28608
403 15816
923 36096
335 13164
793 31026
714 27945
700 27399
298 11721
442 17337
952 37227
190 7509
416 16323
19 840
610 23889
925 36174
632 24747
77 3102
800 31299
703 27516
614 24045
300 11799
166 6573
826 32313
512 20067
331 13008
143 5676
446 17493
361 14178
631 24708
708 27711
822 32157
890 34809
877 34302
748 29271
172 6807
58 2361
978 38241
678 26541
756 29583
310 12189
672 26307
163 6456
686 26853
15 684
833 32586
827 32352
1010 39489
945 36954
71 2868
689 26970
67 2712
384 15075
130 5169
74 2985
966 37773
384 15075
899 35160
588 23031
815 31884
227 8952
904 35355
985 38514
558 21861
409 16050
277 10902
112 4467
599 23460
268 10551
927 36252
604 23655
199 7860
967 37812
548 21471
326 12813
643 25176
776 30363
983 38436
660 25839
219 8640
665 26034
842 32937
436 17103
817 31962
644 25215
253 9966
309 12150
331 13008
404 15855
171 6768
574 22485
613 24006
215 8484
877 34302
766 29973
630 24669
202 7977
244 9615
779 30480
395 15504
159 6300
627 24552
973 38046
439 17220
800 31299
422 16557
36 1503
636 24903
524 20535
855 33444
517 20262
691 27048
238 9381
138 5481
161 6378
71 2868
185 7314
27 1152
335 13164
853 33366
543 21276
31 1308
144 5715
84 3375
245 9654
939 36720
373 14646
815 31884
382 14997
137 5442
503 19716
718 28101
641 25098
701 27438
180 7119
657 25722
765 29934
582 22797
971 37968
823 32196
348 13671
949 37110
693 27126
137 5442
983 38436
512 20067
429 16830
586 22953
675 26424
205 8094
207 8172
353 13866
487 19092
791 30948
118 4701
111 4428
422 16557
330 12969
646 25293
380 14919
428 16791
495 19404
586 22953
162 6417
894 34965
275 10824
997 38982
238 9381
478 18741
842 32937
711 27828
925 36174
776 30363
798 31221
23 996
525 20574
424 16635
744 29115
226 8913
145 5754
863 33756
395 15504
899 35160
566 22173
147 5832
921 36018
274 10785
870 34029
307 12072
139 5520
811 31728
561 21978
792 30987
155 6144
917 35862
258 10161
303 11916
847 33132
483 18936
141 5598
801 31338
436 17103
542 21237
213 8406
908 35511
291 11448
494 19365
473 18546
288 11331
243 9576
834 32625
270 10629
418 16401
878 34341
217 8562
959 37500
549 21510
916 35823
695 27204
523 20496
733 28686
329 12930
342 13437
531 20808
268 10551
336 13203
551 21588
319 12540
429 16830
845 33054
437 17142
424 16635
583 22836
578 22641
723 28296
605 23694
511 20028
839 32820
931 36408
290 11409
819 32040
524 20535
192 7587
649 25410
639 25020
696 27243
543 21276
212 8367
40 1659
489 19170
513 20106
496 19443
76 3063
580 22719
938 36681
410 16089
99 3960
118 4701
335 13164
89 3570
982 38397
254 10005
769 30090
783 30636
135 5364
986 38553
150 5949
321 12618
620 24279
839 32820
667 26112
983 38436
44 1815
447 17532
73 2946
701 27438
274 10785
839 32820
802 31377
612 23967
460 18039
240 9459
208 8211
314 12345
398 15621
488 19131
635 24864
402 15777
279 10980
376 14763
247 9732
644 25215
193 7626
786 30753
445 17454
825 32274
957 37422
942 36837
475 18624
779 30480
285 11214
32 1347
611 23928
906 35433
61 2478
258 10161
413 16206
230 9069
706 27633
428 16791
867 33912
508 19911
874 34185
611 23928
899 35160
449 17610
52 2127
988 38631
931 36408
145 5754
797 31182
769 30090
564 22095
778 30441
397 15582
29 1230
630 24669
536 21003
56 2283
167 6612
608 23811
879 34380
770 30129
273 10746
487 19092
823 32196
142 5637
415 16284
850 33249
95 3804
478 18741
835 32664
452 17727
517 20262
614 24045
70 2829
668 26151
547 21432
191 7548
933 36486
581 22758
48 1971
983 38436
893 34926
203 8016
49 2010
252 9927
332 13047
339 13320
762 29817
596 23343
86 3453
190 7509
649 25410
999 39060
585 22914
543 21276
619 24240
556 21783
346 13593
941 36798
889 34770
601 23538
573 22446
74 2985
573 22446
844 33015
220 8679
403 15816
411 16128
849 33210
425 16674
95 3804
264 10395
328 12891
317 12462
56 2283
411 16128
580 22719
19 840
409 16050
164 6495
802 31377
572 22407
916 35823
104 4155
519 20340
490 19209
365 14334
627 24552
804 31455
303 11916
850 33249
291 11448
279 10980
365 14334
642 25137
841 32898
578 22641
118 4701
912 35667
530 20769
371 14568
409 16050
546 21393
417 16362
768 30051
181 7158
583 22836
108 4311
108 4311
905 35394
598 23421
1002 39177
970 37929
30 1269
849 33210
684 26775
700 27399
888 34731
455 17844
954 37305
408 16011
585 22914
37 1542
755 29544
345 13554
642 25137
900 35199
152 6027
926 36213
198 7821
784 30675
655 25644
553 21666
283 11136
415 16284
964 37695
728 28491
496 19443
617 24162
449 17610
949 37110
891 34848
223 8796
39 1620
803 31416
367 14412
759 29700
741 28998
541 21198
67 2712
830 32469
179 7080
907 35472
418 16401
21 918
104 4155
572 22407
869 33990
707 27672
113 4506
719 28140
110 4389
366 14373
990 38709
214 8445
546 21393
250 9849
241 9498
508 19911
61 2478
210 8289
208 8211
716 28023
393 15426
828 32391
719 28140
720 28179
827 32352
959 37500
553 21666
362 14217
551 21588
943 36876
413 16206
791 30948
538 21081
547 21432
847 33132
570 22329
524 20535
100 3999
627 24552
1006 39333
673 26346
482 18897
95 3804
813 31806
790 30909
15 684
710 27789
996 38943
425 16674
828 32391
785 30714
305 11994
916 35823
369 14490
910 35589
43 1776
184 7275
731 28608
170 6729
372 14607
585 22914
254 10005
528 20691
77 3102
732 28647
409 16050
421 16518
788 30831
424 16635
388 15231
87 3492
420 16479
187 7392
612 23967
369 14490
262 10317
199 7860
746 29193
642 25137
422 16557
892 34887
707 27672
928 36291
567 22212
137 5442
859 33600
651 25488
359 14100
60 2439
928 36291
36 1503
238 9381
137 5442
1001 39138
769 30090
752 29427
459 18000
767 30012
993 38826
778 30441
62 2517
409 16050
67 2712
532 20847
114 4545
193 7626
826 32313
494 19365
490 19209
566 22173
418 16401
966 37773
989 38670
91 3648
192 7587
493 19326
737 28842
571 22368
449 17610
391 15348
851 33288
265 10434
860 33639
47 1932
786 30753
663 25956
584 22875
867 33912
742 29037
869 33990
1002 39177
515 20184
905 35394
452 17727
96 3843
113 4506
896 35043
507 19872
609 23850
650 25449
463 18156
996 38943
216 8523
426 16713
658 25761
602 23577
928 36291
264 10395
408 16011
366 14373
348 13671
743 29076
127 5052
198 7821
96 3843
69 2790
24 1035
909 35550
282 11097
877 34302
870 34029
399 15660
628 24591
515 20184
471 18468
577 22602
309 12150
27 1152
592 23187
526 20613
528 20691
354 13905
523 20496
507 19872
44 1815
786 30753
435 17064
981 38358
603 23616
495 19404
205 8094
355 13944
70 2829
417 16362
483 18936
282 11097
963 37656
709 27750
805 31494
972 38007
642 25137
95 3804
565 22134
375 14724
806 31533
298 11721
244 9615
361 14178
428 16791
204 8055
104 4155
807 31572
258 10161
171 6768
366 14373
585 22914
321 12618
149 5910
700 27399
919 35940
803 31416
497 19482
200 7899
964 37695
205 8094
976 38163
521 20418
960 37539
860 33639
234 9225
628 24591
209 8250
503 19716
798 31221
62 2517
821 32118
411 16128
572 22407
902 35277
201 7938
462 18117
825 32274
824 32235
146 5793
357 14022
181 7158
511 20028
466 18273
33 1386
376 14763
737 28842
68 2751
144 5715
197 7782
414 16245
427 16752
60 2439
836 32703
32 1347
857 33522
800 31299
203 8016
706 27633
400 15699
60 2439
232 9147
663 25956
442 17337
49 2010
899 35160
67 2712
983 38436
456 17883
587 22992
637 24942
558 21861
211 8328
628 24591
335 13164
776 30363
35 1464
218 8601
751 29388
964 37695
117 4662
454 17805
150 5949
531 20808
385 15114
728 28491
451 17688
225 8874
201 7938
432 16947
967 37812
148 5871
895 35004
48 1971
703 27516
15 684
561 21978
931 36408
157 6222
586 22953
426 16713
126 5013
416 16323
195 7704
579 22680
747 29232
705 27594
867 33912
729 28530
215 8484
369 14490
56 2283
180 7119
874 34185
316 12423
861 33678
349 13710
384 15075
996 38943
569 22290
522 20457
618 24201
384 15075
885 34614
76 3063
357 14022
109 4350
920 35979
525 20574
665 26034
971 37968
250 9849
380 14919
166 6573
336 13203
664 25995
40 1659
711 27828
159 6300
696 27243
78 3141
919 35940
829 32430
112 4467
793 31026
125 4974
743 29076
445 17454
927 36252
227 8952
391 15348
90 3609
64 2595
562 22017
869 33990
674 26385
667 26112
570 22329
233 9186
746 29193
498 19521
302 11877
309 12150
32 1347
194 7665
818 32001
989 38670
698 27321
414 16245
637 24942
152 6027
342 13437
282 11097
152 6027
627 24552
873 34146
823 32196
79 3180
253 9966
730 28569
284 11175
886 34653
982 38397
416 16323
311 12228
1006 39333
598 23421
343 13476
610 23889
686 26853
96 3843
659 25800
981 38358
378 14841
808 31611
675 26424
466 18273
932 36447
734 28725
154 6105
639 25020
459 18000
952 37227
385 15114
602 23577
318 12501
960 37539
935 36564
127 5052
414 16245
35 1464
513 20106
84 3375
523 20496
980 38319
76 3063
812 31767
361 14178
989 38670
822 32157
196 7743
937 36642
569 22290
683 26736
768 30051
921 36018
961 37578
775 30324
497 19482
440 17259
665 26034
16 723
152 6027
701 27438
569 22290
110 4389
159 6300
540 21159
372 14607
50 2049
567 22212
188 7431
450 17649
243 9576
994 38865
524 20535
671 26268
615 24084
976 38163
165 6534
533 20886
242 9537
716 28023
314 12345
699 27360
603 23616
403 15816
882 34497
422 16557
476 18663
348 13671
30 1269
998 39021
707 27672
491 19248
817 31962
916 35823
460 18039
553 21666
194 7665
363 14256
127 5052
91 3648
247 9732
300 11799
26 1113
92 3687
215 8484
948 37071
124 4935
67 2712
52 2127
156 6183
897 35082
46 1893
12 567
282 11097
152 6027
126 5013
64 2595
391 15348
124 4935
676 26463
501 19638
430 16869
703 27516
737 28842
808 31611
506 19833
942 36837
799 31260
568 22251
37 1542
499 19560
797 31182
282 11097
376 14763
588 23031
681 26658
247 9732
672 26307
96 3843
755 29544
740 28959
571 22368
183 7236
349 13710
946 36993
472 18507
778 30441
80 3219
685 26814
324 12735
916 35823
141 5598
45 1854
77 3102
649 25410
943 36876
431 16908
219 8640
790 30909
459 18000
836 32703
647 25332
362 14217
707 27672
988 38631
362 14217
42 1737
302 11877
872 34107
596 23343
76 3063
606 23733
974 38085
298 11721
287 11292
377 14802
894 34965
242 9537
491 19248
554 21705
46 1893
146 5793
903 35316
819 32040
218 8601
559 21900
580 22719
921 36018
514 20145
342 13437
126 5013
882 34497
593 23226
731 28608
971 37968
163 6456
997 38982
33 1386
817 31962
865 33834
473 18546
361 14178
932 36447
885 34614
300 11799
756 29583
1004 39255
308 12111
463 18156
851 33288
199 7860
658 25761
15 684
327 12852
1001 39138
98 3921
178 7041
790 30909
77 3102
403 15816
243 9576
686 26853
206 8133
1007 39372
547 21432
660 25839
678 26541
318 12501
784 30675
436 17103
117 4662
330 12969
36 1503
797 31182
663 25956
503 19716
440 17259
22 957
965 37734
247 9732
851 33288
265 10434
638 24981
808 31611
234 9225
255 10044
816 31923
144 5715
214 8445
19 840
763 29856
652 25527
741 28998
58 2361
427 16752
669 26190
603 23616
474 18585
921 36018
295 11604
936 36603
718 28101
345 13554
758 29661
544 21315
315 12384
775 30324
582 22797
75 3024
319 12540
180 7119
423 16596
564 22095
357 14022
939 36720
202 7977
517 20262
677 26502
458 17961
788 30831
197 7782
365 14334
668 26151
19 840
308 12111
209 8250
242 9537
707 27672
273 10746
737 28842
637 24942
389 15270
479 18780
994 38865
851 33288
384 15075
134 5325
993 38826
464 18195
581 22758
391 15348
906 35433
908 35511
903 35316
696 27243
811 31728
830 32469
719 28140
322 12657
985 38514
808 31611
70 2829
248 9771
754 29505
878 34341
338 13281
956 37383
980 38319
985 38514
948 37071
570 22329
355 13944
502 19677
16 723
86 3453
38 1581
984 38475
990 38709
717 28062
792 30987
39 1620
349 13710
391 15348
521 20418
123 4896
904 35355
969 37890
722 28257
641 25098
289 11370
70 2829
61 2478
201 7938
866 33873
811 31728
194 7665
741 28998
887 34692
224 8835
284 11175
786 30753
966 37773
563 22056
484 18975
343 13476
725 28374
824 32235
407 15972
648 25371
205 8094
927 36252
582 22797
341 13398
303 11916
608 23811
806 31533
839 32820
488 19131
363 14256
849 33210
856 33483
224 8835
970 37929
959 37500
279 10980
934 36525
488 19131
978 38241
668 26151
68 2751
909 35550
240 9459
54 2205
53 2166
525 20574
951 37188
491 19248
435 17064
982 38397
745 29154
975 38124
196 7743
124 4935
388 15231
742 29037
152 6027
65 2634
41 1698
39 1620
399 15660
121 4818
919 35940
318 12501
858 33561
75 3024
191 7548
644 25215
397 15582
318 12501
129 5130
785 30714
977 38202
741 28998
961 37578
333 13086
402 15777
873 34146
655 25644
795 31104
927 36252
52 2127
207 8172
719 28140
711 27828
43 1776
264 10395
330 12969
600 23499
1006 39333
216 8523
876 34263
736 28803
313 12306
254 10005
958 37461
981 38358
375 14724
219 8640
809 31650
288 11331
721 28218
435 17064
1003 39216
412 16167
808 31611
154 6105
165 6534
933 36486
120 4779
395 15504
955 37344
68 2751
797 31182
435 17064
362 14217
222 8757
117 4662
711 27828
789 30870
274 10785
606 23733
789 30870
898 35121
755 29544
502 19677
120 4779
30 1269
817 31962
332 13047
605 23694
116 4623
200 7899
354 13905
936 36603
991 38748
165 6534
885 34614
481 18858
462 18117
880 34419
163 6456
827 32352
890 34809
807 31572
965 37734
486 19053
671 26268
799 31260
980 38319
895 35004
499 19560
829 32430
57 2322
843 32976
1005 39294
541 21198
106 4233
735 28764
171 6768
431 16908
575 22524
435 17064
461 18078
14 645
335 13164
193 7626
560 21939
164 6495
358 14061
135 5364
541 21198
556 21783
423 16596
272 10707
519 20340
888 34731
610 23889
564 22095
202 7977
42 1737
241 9498
219 8640
326 12813
833 32586
991 38748
359 14100
932 36447
461 18078
557 21822
726 28413
719 28140
651 25488
607 23772
628 24591
251 9888
934 36525
865 33834
299 11760
729 28530
395 15504
679 26580
632 24747
892 34887
704 27555
904 35355
792 30987
338 13281
142 5637
877 34302
59 2400
292 11487
290 11409
499 19560
60 2439
905 35394
888 34731
940 36759
50 2049
921 36018
353 13866
127 5052
318 12501
713 27906
92 3687
294 11565
927 36252
600 23499
267 10512
550 21549
464 18195
181 7158
131 5208
520 20379
592 23187
701 27438
727 28452
933 36486
667 26112
509 19950
428 16791
10 489
821 32118
42 1737
254 10005
351 13788
998 39021
476 18663
758 29661
157 6222
989 38670
692 27087
435 17064
324 12735
543 21276
782 30597
853 33366
485 19014
680 26619
501 19638
60 2439
332 13047
360 14139
966 37773
528 20691
190 7509
705 27594
509 19950
657 25722
92 3687
495 19404
656 25683
491 19248
699 27360
166 6573
544 21315
508 19911
992 38787
36 1503
685 26814
694 27165
926 36213
171 6768
35 1464
912 35667
618 24201
685 26814
884 34575
18 801
490 19209
695 27204
314 12345
745 29154
499 19560
307 12072
93 3726
417 16362
276 10863
227 8952
119 4740
805 31494
698 27321
546 21393
285 11214
795 31104
271 10668
726 28413
968 37851
400 15699
985 38514
356 13983
26 1113
600 23499
189 7470
229 9030
24 1035
42 1737
762 29817
483 18936
905 35394
615 24084
685 26814
533 20886
169 6690
159 6300
117 4662
358 14061
136 5403
260 10239
70 2829
708 27711
479 18780
276 10863
291 11448
811 31728
279 10980
618 24201
363 14256
570 22329
92 3687
213 8406
807 31572
438 17181
720 28179
553 21666
839 32820
897 35082
505 19794
460 18039
202 7977
683 26736
735 28764
586 22953
145 5754
834 32625
224 8835
932 36447
930 36369
526 20613
350 13749
734 28725
593 23226
514 20145
615 24084
590 23109
109 4350
802 31377
706 27633
351 13788
353 13866
546 21393
972 38007
926 36213
594 23265
501 19638
529 20730
1009 39450
799 31260
147 5832
55 2244
647 25332
162 6417
58 2361
718 28101
488 19131
233 9186
133 5286
60 2439
642 25137
602 23577
520 20379
185 7314
842 32937
239 9420
110 4389
413 16206
644 25215
38 1581
177 7002
361 14178
216 8523
531 20808
196 7743
685 26814
125 4974
455 17844
135 5364
182 7197
93 3726
741 28998
472 18507
173 6846
734 28725
844 33015
123 4896
375 14724
18 801
791 30948
139 5520
642 25137
469 18390
871 34068
69 2790
31 1308
770 30129
611 23928
506 19833
573 22446
64 2595
260 10239
10 489
351 13788
925 36174
63 2556
286 11253
546 21393
761 29778
781 30558
238 9381
889 34770
91 3648
236 9303
241 9498
800 31299
157 6222
597 23382
953 37266
912 35667
154 6105
300 11799
711 27828
710 27789
740 28959
239 9420
898 35121
225 8874
64 2595
872 34107
962 37617
857 33522
104 4155
937 36642
869 33990
913 35706
141 5598
71 2868
772 30207
982 38397
610 23889
358 14061
781 30558
200 7899
819 32040
425 16674
623 24396
965 37734
441 17298
859 33600
656 25683
24 1035
764 29895
726 28413
27 1152
108 4311
151 5988
155 6144
992 38787
781 30558
225 8874
915 35784
277 10902
376 14763
384 15075
205 8094
343 13476
792 30987
371 14568
537 21042
800 31299
688 26931
52 2127
990 38709
790 30909
557 21822
969 37890
924 36135
165 6534
76 3063
735 28764
416 16323
42 1737
869 33990
104 4155
622 24357
976 38163
223 8796
100 3999
370 14529
24 1035
131 5208
216 8523
56 2283
307 12072
530 20769
795 31104
101 4038
773 30246
505 19794
476 18663
529 20730
266 10473
178 7041
651 25488
499 19560
310 12189
1008 39411
684 26775
620 24279
957 37422
433 16986
160 6339
330 12969
84 3375
489 19170
756 29583
66 2673
650 25449
858 33561
511 20028
51 2088
121 4818
669 26190
485 19014
715 27984
362 14217
831 32508
859 33600
464 18195
636 24903
351 13788
479 18780
226 8913
618 24201
799 31260
707 27672
469 18390
105 4194
954 37305
362 14217
690 27009
231 9108
728 28491
283 11136
445 17454
401 15738
820 32079
926 36213
352 13827
928 36291
46 1893
346 13593
607 23772
59 2400
719 28140
827 32352
771 30168
794 31065
1002 39177
801 31338
151 5988
832 32547
416 16323
490 19209
414 16245
219 8640
748 29271
574 22485
691 27048
147 5832
760 29739
690 27009
128 5091
825 32274
257 10122
930 36369
545 21354
195 7704
820 32079
300 11799
306 12033
340 13359
378 14841
217 8562
339 13320
659 25800
889 34770
86 3453
580 22719
34 1425
201 7938
504 19755
810 31689
455 17844
989 38670
366 14373
300 11799
437 17142
538 21081
666 26073
488 19131
94 3765
766 29973
116 4623
993 38826
872 34107
654 25605
950 37149
736 28803
614 24045
19 840
236 9303
86 3453
145 5754
900 35199
319 12540
614 24045
593 23226
677 26502
25 1074
288 11331
966 37773
453 17766
125 4974
984 38475
618 24201
164 6495
846 33093
742 29037
616 24123
816 31923
81 3258
216 8523
247 9732
323 12696
267 10512
436 17103
855 33444
445 17454
926 36213
867 33912
263 10356
497 19482
800 31299
16 723
772 30207
230 9069
529 20730
231 9108
475 18624
402 15777
182 7197
890 34809
656 25683
859 33600
677 26502
619 24240
361 14178
589 23070
80 3219
66 2673
173 6846
885 34614
758 29661
331 13008
366 14373
848 33171
459 18000
877 34302
321 12618
60 2439
228 8991
164 6495
881 34458
399 15660
99 3960
559 21900
394 15465
786 30753
758 29661
420 16479
549 21510
988 38631
508 19911
211 8328
180 7119
448 17571
939 36720
177 7002
429 16830
404 15855
477 18702
42 1737
325 12774
836 32703
494 19365
610 23889
992 38787
39 1620
624 24435
958 37461
174 6885
944 36915
273 10746
505 19794
828 32391
322 12657
460 18039
639 25020
255 10044
60 2439
139 5520
108 4311
372 14607
626 24513
863 33756
359 14100
780 30519
489 19170
869 33990
260 10239
388 15231
937 36642
942 36837
533 20886
238 9381
371 14568
1010 39489
358 14061
393 15426
503 19716
660 25839
344 13515
158 6261
67 2712
27 1152
474 18585
213 8406
455 17844
891 34848
486 19053
894 34965
435 17064
915 35784
750 29349
951 37188
502 19677
758 29661
965 37734
136 5403
277 10902
156 6183
54 2205
712 27867
517 20262
226 8913
465 18234
485 19014
550 21549
37 1542
392 15387
958 37461
291 11448
589 23070
415 16284
620 24279
381 14958
225 8874
235 9264
183 7236
183 7236
44 1815
278 10941
137 5442
558 21861
104 4155
538 21081
572 22407
16 723
446 17493
818 32001
878 34341
44 1815
742 29037
331 13008
469 18390
897 35082
340 13359
824 32235
66 2673
237 9342
172 6807
572 22407
241 9498
843 32976
460 18039
541 21198
885 34614
651 25488
845 33054
899 35160
613 24006
447 17532
630 24669
365 14334
165 6534
511 20028
617 24162
332 13047
756 29583
97 3882
37 1542
49 2010
510 19989
454 17805
392 15387
944 36915
286 11253
22 957
469 18390
119 4740
559 21900
707 27672
448 17571
381 14958
153 6066
273 10746
706 27633
632 24747
669 26190
348 13671
940 36759
978 38241
791 30948
55 2244
213 8406
603 23616
993 38826
726 28413
840 32859
18 801
13 606
73 2946
889 34770
334 13125
95 3804
746 29193
283 11136
827 32352
807 31572
374 14685
96 3843
368 14451
587 22992
510 19989
620 24279
177 7002
368 14451
381 14958
357 14022
903 35316
785 30714
243 9576
971 37968
212 8367
236 9303
587 22992
527 20652
780 30519
177 7002
507 19872
817 31962
26 1113
755 29544
907 35472
424 16635
671 26268
201 7938
381 14958
904 35355
319 12540
590 23109
622 24357
557 21822
254 10005
369 14490
550 21549
19 840
333 13086
968 37851
167 6612
93 3726
907 35472
98 3921
215 8484
998 39021
960 37539
117 4662
768 30051
383 15036
31 1308
928 36291
956 37383
298 11721
678 26541
666 26073
698 27321
397 15582
389 15270
335 13164
793 31026
201 7938
371 14568
845 33054
784 30675
75 3024
979 38280
409 16050
203 8016
753 29466
399 15660
261 10278
560 21939
1003 39216
140 5559
181 7158
596 23343
679 26580
327 12852
461 18078
604 23655
589 23070
414 16245
92 3687
418 16401
633 24786
16 723
431 16908
115 4584
235 9264
427 16752
999 39060
390 15309
53 2166
513 20106
609 23850
987 38592
423 16596
763 29856
669 26190
800 31299
353 13866
348 13671
563 22056
642 25137
403 15816
45 1854
226 8913
735 28764
27 1152
458 17961
100 3999
571 22368
648 25371
282 11097
712 27867
719 28140
1003 39216
918 35901
652 25527
242 9537
808 31611
364 14295
732 28647
241 9498
723 28296
619 24240
133 5286
854 33405
190 7509
223 8796
437 17142
543 21276
45 1854
690 27009
890 34809
155 6144
716 28023
949 37110
880 34419
48 1971
432 16947
121 4818
79 3180
239 9420
855 33444
380 14919
73 2946
806 31533
388 15231
113 4506
741 28998
497 19482
377 14802
942 36837
631 24708
424 16635
789 30870
32 1347
215 8484
880 34419
991 38748
64 2595
137 5442
589 23070
127 5052
999 39060
659 25800
778 30441
919 35940
500 19599
876 34263
958 37461
43 1776
432 16947
795 31104
741 28998
162 6417
477 18702
994 38865
720 28179
844 33015
202 7977
328 12891
562 22017
458 17961
475 18624
859 33600
905 35394
549 21510
728 28491
447 17532
591 23148
576 22563
211 8328
546 21393
193 7626
212 8367
139 5520
533 20886
748 29271
543 21276
576 22563
710 27789
278 10941
941 36798
979 38280
727 28452
454 17805
165 6534
382 14997
938 36681
109 4350
429 16830
618 24201
339 13320
303 11916
268 10551
547 21432
713 27906
853 33366
183 7236
586 22953
910 35589
291 11448
909 35550
836 32703
905 35394
941 36798
655 25644
389 15270
340 13359
120 4779
424 16635
764 29895
310 12189
321 12618
245 9654
390 15309
43 1776
521 20418
811 31728
247 9732
152 6027
770 30129
119 4740
570 22329
255 10044
643 25176
259 10200
459 18000
128 5091
890 34809
140 5559
937 36642
712 27867
541 21198
604 23655
16 723
468 18351
640 25059
633 24786
895 35004
718 28101
568 22251
458 17961
65 2634
970 37929
671 26268
468 18351
552 21627
430 16869
550 21549
81 3258
737 28842
38 1581
106 4233
363 14256
812 31767
413 16206
403 15816
305 11994
365 14334
916 35823
359 14100
153 6066
862 33717
419 16440
1002 39177
105 4194
749 29310
825 32274
540 21159
920 35979
570 22329
58 2361
131 5208
841 32898
480 18819
632 24747
429 16830
829 32430
644 25215
925 36174
172 6807
172 6807
434 17025
121 4818
83 3336
755 29544
452 17727
860 33639
33 1386
789 30870
725 28374
154 6105
201 7938
790 30909
617 24162
354 13905
745 29154
435 17064
410 16089
266 10473
548 21471
556 21783
105 4194
751 29388
704 27555
711 27828
885 34614
773 30246
278 10941
922 36057
376 14763
418 16401
905 35394
451 17688
586 22953
18 801
377 14802
123 4896
609 23850
805 31494
311 12228
771 30168
742 29037
882 34497
418 16401
995 38904
457 17922
192 7587
573 22446
192 7587
967 37812
312 12267
65 2634
991 38748
389 15270
359 14100
841 32898
375 14724
421 16518
92 3687
425 16674
457 17922
581 22758
480 18819
540 21159
46 1893
561 21978
979 38280
270 10629
778 30441
561 21978
55 2244
244 9615
182 7197
352 13827
627 24552
628 24591
802 31377
962 37617
622 24357
682 26697
632 24747
754 29505
173 6846
688 26931
856 33483
406 15933
35 1464
152 6027
773 30246
15 684
68 2751
91 3648
380 14919
148 5871
215 8484
767 30012
59 2400
485 19014
640 25059
663 25956
105 4194
968 37851
552 21627
99 3960
282 11097
719 28140
260 10239
942 36837
955 37344
688 26931
557 21822
537 21042
349 13710
322 12657
721 28218
708 27711
966 37773
225 8874
850 33249
12 567
294 11565
407 15972
277 10902
609 23850
902 35277
445 17454
803 31416
686 26853
449 17610
283 11136
734 28725
253 9966
976 38163
627 24552
267 10512
658 25761
152 6027
562 22017
645 25254
516 20223
715 27984
820 32079
185 7314
867 33912
1002 39177
660 25839
200 7899
1007 39372
372 14607
481 18858
236 9303
48 1971
947 37032
212 8367
191 7548
908 35511
61 2478
1006 39333
769 30090
248 9771
916 35823
446 17493
394 15465
826 32313
472 18507
222 8757
110 4389
846 33093
201 7938
132 5247
588 23031
199 7860
670 26229
439 17220
78 3141
860 33639
366 14373
876 34263
283 11136
132 5247
920 35979
387 15192
595 23304
139 5520
625 24474
567 22212
465 18234
727 28452
69 2790
399 15660
922 36057
336 13203
386 15153
407 15972
316 12423
844 33015
456 17883
925 36174
894 34965
126 5013
266 10473
308 12111
367 14412
939 36720
63 2556
185 7314
733 28686
607 23772
142 5637
562 22017
149 5910
874 34185
335 13164
62 2517
574 22485
818 32001
505 19794
380 14919
672 26307
62 2517
466 18273
376 14763
496 19443
243 9576
256 10083
722 28257
284 11175
457 17922
700 27399
852 33327
947 37032
980 38319
394 15465
311 12228
335 13164
532 20847
520 20379
844 33015
678 26541
679 26580
56 2283
909 35550
592 23187
491 19248
24 1035
145 5754
635 24864
43 1776
395 15504
119 4740
778 30441
682 26697
49 2010
959 37500
114 4545
129 5130
342 13437
131 5208
429 16830
479 18780
836 32703
71 2868
810 31689
798 31221
469 18390
204 8055
514 20145
767 30012
944 36915
449 17610
980 38319
902 35277
140 5559
765 29934
38 1581
56 2283
189 7470
368 14451
295 11604
453 17766
708 27711
775 30324
495 19404
656 25683
256 10083
337 13242
196 7743
146 5793
819 32040
304 11955
280 11019
111 4428
221 8718
668 26151
874 34185
443 17376
994 38865
259 10200
24 1035
162 6417
747 29232
806 31533
988 38631
27 1152
383 15036
181 7158
359 14100
855 33444
955 37344
95 3804
955 37344
486 19053
475 18624
329 12930
905 35394
81 3258
199 7860
808 31611
659 25800
772 30207
561 21978
79 3180
245 9654
764 29895
734 28725
332 13047
850 33249
662 25917
864 33795
583 22836
54 2205
536 21003
597 23382
218 8601
114 4545
682 26697
120 4779
728 28491
821 32118
731 28608
58 2361
784 30675
527 20652
442 17337
882 34497
385 15114
341 13398
590 23109
35 1464
50 2049
812 31767
404 15855
58 2361
250 9849
676 26463
670 26229
833 32586
31 1308
125 4974
355 13944
471 18468
669 26190
670 26229
240 9459
390 15309
699 27360
400 15699
560 21939
400 15699
181 7158
556 21783
280 11019
94 3765
727 28452
802 31377
329 12930
453 17766
387 15192
180 7119
163 6456
476 18663
435 17064
820 32079
253 9966
813 31806
622 24357
419 16440
262 10317
760 29739
13 606
258 10161
396 15543
772 30207
729 28530
588 23031
535 20964
806 31533
97 3882
824 32235
922 36057
735 28764
373 14646
632 24747
886 34653
451 17688
679 26580
153 6066
158 6261
263 10356
482 18897
319 12540
214 8445
724 28335
1009 39450
613 24006
592 23187
523 20496
944 36915
184 7275
860 33639
869 33990
676 26463
378 14841
321 12618
898 35121
233 9186
938 36681
101 4038
330 12969
76 3063
949 37110
796 31143
324 12735
789 30870
655 25644
204 8055
90 3609
410 16089
874 34185
806 31533
771 30168
571 22368
273 10746
280 11019
333 13086
961 37578
90 3609
553 21666
850 33249
103 4116
71 2868
982 38397
492 19287
426 16713
337 13242
136 5403
997 38982
812 31767
30 1269
477 18702
166 6573
279 10980
947 37032
255 10044
333 13086
875 34224
744 29115
945 36954
983 38436
936 36603
681 26658
531 20808
620 24279
683 26736
88 3531
506 19833
645 25254
393 15426
881 34458
696 27243
203 8016
485 19014
186 7353
219 8640
977 38202
944 36915
451 17688
343 13476
645 25254
987 38592
576 22563
934 36525
392 15387
189 7470
398 15621
850 33249
315 12384
234 9225
420 16479
464 18195
182 7197
235 9264
141 5598
526 20613
824 32235
842 32937
263 10356
870 34029
748 29271
667 26112
216 8523
76 3063
28 1191
864 33795
891 34848
143 5676
967 37812
258 10161
211 8328
865 33834
625 24474
478 18741
229 9030
214 8445
494 19365
375 14724
254 10005
756 29583
958 37461
962 37617
547 21432
377 14802
270 10629
200 7899
240 9459
970 37929
425 16674
355 13944
924 36135
814 31845
309 12150
949 37110
148 5871
256 10083
681 26658
620 24279
884 34575
327 12852
862 33717
210 8289
656 25683
826 32313
26 1113
577 22602
221 8718
525 20574
649 25410
929 36330
792 30987
978 38241
330 12969
132 5247
761 29778
303 11916
383 15036
478 18741
282 11097
596 23343
480 18819
819 32040
736 28803
234 9225
395 15504
459 18000
644 25215
210 8289
858 33561
296 11643
639 25020
737 28842
213 8406
584 22875
757 29622
525 20574
126 5013
964 37695
383 15036
922 36057
188 7431
581 22758
892 34887
99 3960
977 38202
675 26424
366 14373
156 6183
513 20106
504 19755
859 33600
476 18663
862 33717
665 26034
390 15309
234 9225
795 31104
654 25605
891 34848
268 10551
107 4272
354 13905
852 33327
365 14334
261 10278
117 4662
279 10980
237 9342
321 12618
423 16596
718 28101
490 19209
88 3531
640 25059
525 20574
949 37110
868 33951
91 3648
836 32703
604 23655
276 10863
608 23811
171 6768
1008 39411
917 35862
226 8913
43 1776
200 7899
1005 39294
887 34692
19 840
635 24864
946 36993
69 2790
113 4506
911 35628
585 22914
608 23811
604 23655
310 12189
513 20106
278 10941
272 10707
864 33795
288 11331
68 2751
223 8796
722 28257
192 7587
918 35901
454 17805
266 10473
761 29778
719 28140
461 18078
933 36486
90 3609
42 1737
723 28296
373 14646
359 14100
30 1269
634 24825
528 20691
983 38436
42 1737
143 5676
835 32664
155 6144
103 4116
776 30363
976 38163
153 6066
831 32508
12 567
305 11994
328 12891
398 15621
929 36330
193 7626
1007 39372
200 7899
336 13203
305 11994
273 10746
183 7236
35 1464
348 13671
196 7743
956 37383
577 22602
292 11487
625 24474
861 33678
739 28920
77 3102
200 7899
93 3726
180 7119
828 32391
637 24942
34 1425
242 9537
559 21900
230 9069
455 17844
344 13515
976 38163
77 3102
686 26853
201 7938
736 28803
348 13671
619 24240
47 1932
820 32079
538 21081
435 17064
907 35472
263 10356
653 25566
873 34146
899 35160
667 26112
202 7977
804 31455
468 18351
729 28530
627 24552
330 12969
825 32274
403 15816
251 9888
336 13203
85 3414
394 15465
185 7314
967 37812
476 18663
610 23889
20 879
654 25605
754 29505
95 3804
620 24279
561 21978
92 3687
137 5442
867 33912
445 17454
938 36681
699 27360
252 9927
22 957
942 36837
784 30675
45 1854
337 13242
968 37851
490 19209
292 11487
597 23382
567 22212
720 28179
934 36525
422 16557
303 11916
484 18975
646 25293
259 10200
218 8601
406 15933
615 24084
103 4116
544 21315
343 13476
841 32898
409 16050
913 35706
594 23265
713 27906
783 30636
610 23889
447 17532
26 1113
759 29700
176 6963
705 27594
828 32391
569 22290
271 10668
479 18780
586 22953
615 24084
114 4545
210 8289
805 31494
261 10278
319 12540
383 15036
343 13476
20 879
764 29895
43 1776
806 31533
660 25839
328 12891
885 34614
243 9576
148 5871
489 19170
373 14646
944 36915
219 8640
463 18156
381 14958
380 14919
104 4155
734 28725
332 13047
173 6846
373 14646
961 37578
664 25995
957 37422
182 7197
877 34302
263 10356
473 18546
421 16518
125 4974
421 16518
143 5676
806 31533
366 14373
669 26190
668 26151
129 5130
181 7158
173 6846
999 39060
324 12735
700 27399
862 33717
80 3219
968 37851
854 33405
366 14373
708 27711
64 2595
237 9342
335 13164
530 20769
741 28998
707 27672
807 31572
614 24045
946 36993
760 29739
72 2907
261 10278
249 9810
155 6144
285 11214
926 36213
397 15582
449 17610
999 39060
415 16284
549 21510
153 6066
290 11409
625 24474
739 28920
216 8523
195 7704
582 22797
792 30987
574 22485
645 25254
399 15660
865 33834
759 29700
928 36291
633 24786
568 22251
958 37461
934 36525
624 24435
321 12618
31 1308
993 38826
631 24708
560 21939
592 23187
359 14100
855 33444
716 28023
83 3336
132 5247
702 27477
561 21978
344 13515
761 29778
932 36447
123 4896
727 28452
786 30753
476 18663
500 19599
837 32742
961 37578
320 12579
188 7431
14 645
209 8250
463 18156
714 27945
629 24630
167 6612
21 918
932 36447
113 4506
546 21393
998 39021
425 16674
159 6300
135 5364
843 32976
463 18156
173 6846
818 32001
492 19287
472 18507
501 19638
347 13632
122 4857
67 2712
17 762
799 31260
991 38748
318 12501
500 19599
335 13164
1009 39450
726 28413
255 10044
159 6300
971 37968
593 23226
585 22914
674 26385
588 23031
977 38202
819 32040
999 39060
312 12267
239 9420
889 34770
484 18975
840 32859
805 31494
426 16713
671 26268
14 645
221 8718
534 20925
381 14958
743 29076
679 26580
837 32742
510 19989
147 5832
378 14841
433 16986
945 36954
772 30207
412 16167
664 25995
905 35394
944 36915
152 6027
311 12228
431 16908
467 18312
997 38982
91 3648
380 14919
149 5910
514 20145
848 33171
724 28335
803 31416
420 16479
102 4077
510 19989
519 20340
322 12657
262 10317
778 30441
173 6846
537 21042
714 27945
652 25527
973 38046
251 9888
595 23304
198 7821
390 15309
229 9030
102 4077
77 3102
931 36408
876 34263
563 22056
634 24825
324 12735
617 24162
563 22056
795 31104
840 32859
316 12423
88 3531
438 17181
801 31338
332 13047
71 2868
166 6573
205 8094
867 33912
476 18663
551 21588
209 8250
343 13476
191 7548
954 37305
929 36330
66 2673
259 10200
97 3882
524 20535
723 28296
816 31923
494 19365
872 34107
648 25371
137 5442
484 18975
787 30792
60 2439
516 20223
132 5247
21 918
874 34185
912 35667
100 3999
927 36252
879 34380
768 30051
267 10512
132 5247
365 14334
36 1503
17 762
499 19560
709 27750
964 37695
210 8289
311 12228
58 2361
878 34341
673 26346
93 3726
426 16713
511 20028
499 19560
646 25293
650 25449
220 8679
942 36837
1002 39177
726 28413
80 3219
753 29466
449 17610
556 21783
443 17376
380 14919
834 32625
967 37812
475 18624
403 15816
544 21315
942 36837
801 31338
184 7275
814 31845
136 5403
103 4116
496 19443
84 3375
437 17142
768 30051
482 18897
507 19872
295 11604
395 15504
929 36330
588 23031
508 19911
512 20067
995 38904
640 25059
427 16752
178 7041
71 2868
385 15114
440 17259
731 28608
400 15699
789 30870
41 1698
728 28491
800 31299
861 33678
629 24630
162 6417
562 22017
64 2595
169 6690
18 801
473 18546
944 36915
251 9888
172 6807
185 7314
757 29622
140 5559
776 30363
399 15660
182 7197
928 36291
337 13242
649 25410
50 2049
665 26034
243 9576
284 11175
154 6105
706 27633
932 36447
941 36798
552 21627
322 12657
537 21042
860 33639
338 13281
404 15855
989 38670
212 8367
79 3180
319 12540
784 30675
365 14334
354 13905
282 11097
156 6183
65 2634
299 11760
574 22485
396 15543
1002 39177
855 33444
688 26931
422 16557
813 31806
21 918
260 10239
180 7119
715 27984
266 10473
113 4506
1005 39294
654 25605
606 23733
350 13749
251 9888
885 34614
80 3219
785 30714
579 22680
736 28803
584 22875
508 19911
38 1581
536 21003
816 31923
1010 39489
708 27711
471 18468
281 11058
751 29388
700 27399
563 22056
535 20964
668 26151
293 11526
986 38553
163 6456
724 28335
125 4974
338 13281
663 25956
325 12774
528 20691
846 33093
696 27243
605 23694
792 30987
673 26346
744 29115
665 26034
967 37812
36 1503
633 24786
939 36720
299 11760
318 12501
464 18195
410 16089
675 26424
904 35355
730 28569
474 18585
26 1113
345 13554
807 31572
952 37227
51 2088
185 7314
767 30012
910 35589
752 29427
234 9225
921 36018
258 10161
86 3453
527 20652
800 31299
676 26463
368 14451
384 15075
584 22875
585 22914
96 3843
252 9927
830 32469
398 15621
629 24630
315 12384
946 36993
759 29700
836 32703
586 22953
167 6612
673 26346
927 36252
357 14022
802 31377
546 21393
368 14451
125 4974
956 37383
442 17337
646 25293
1001 39138
763 29856
631 24708
432 16947
754 29505
507 19872
915 35784
967 37812
421 16518
537 21042
286 11253
283 11136
213 8406
150 5949
28 1191
253 9966
958 37461
517 20262
865 33834
765 29934
159 6300
341 13398
361 14178
451 17688
477 18702
475 18624
923 36096
186 7353
16 723
371 14568
232 9147
675 26424
16 723
183 7236
650 25449
889 34770
763 29856
238 9381
394 15465
375 14724
31 1308
281 11058
985 38514
991 38748
715 27984
843 32976
350 13749
630 24669
885 34614
994 38865
187 7392
985 38514
797 31182
445 17454
323 12696
138 5481
844 33015
960 37539
529 20730
506 19833
582 22797
790 30909
959 37500
899 35160
37 1542
598 23421
628 24591
606 23733
124 4935
69 2790
736 28803
978 38241
866 33873
213 8406
432 16947
546 21393
200 7899
316 12423
659 25800
946 36993
445 17454
131 5208
211 8328
334 13125
233 9186
42 1737
111 4428
718 28101
427 16752
667 26112
513 20106
288 11331
916 35823
766 29973
812 31767
163 6456
746 29193
200 7899
455 17844
156 6183
350 13749
199 7860
685 26814
619 24240
56 2283
237 9342
587 22992
711 27828
211 8328
1001 39138
509 19950
758 29661
717 28062
859 33600
200 7899
630 24669
13 606
819 32040
1004 39255
915 35784
689 26970
783 30636
410 16089
211 8328
848 33171
292 11487
988 38631
121 4818
569 22290
843 32976
996 38943
950 37149
771 30168
178 7041
607 23772
251 9888
225 8874
852 33327
635 24864
98 3921
910 35589
453 17766
139 5520
361 14178
958 37461
169 6690
577 22602
341 13398
198 7821
889 34770
457 17922
226 8913
648 25371
435 17064
343 13476
125 4974
473 18546
13 606
554 21705
748 29271
490 19209
585 22914
603 23616
307 12072
73 2946
285 11214
573 22446
776 30363
99 3960
196 7743
659 25800
378 14841
767 30012
359 14100
267 10512
575 22524
617 24162
264 10395
502 19677
873 34146
562 22017
504 19755
203 8016
249 9810
402 15777
848 33171
449 17610
463 18156
333 13086
434 17025
135 5364
470 18429
222 8757
967 37812
737 28842
310 12189
299 11760
994 38865
382 14997
594 23265
484 18975
690 27009
95 3804
393 15426
601 23538
557 21822
789 30870
619 24240
45 1854
210 8289
424 16635
453 17766
85 3414
18 801
888 34731
727 28452
879 34380
533 20886
312 12267
827 32352
730 28569
149 5910
388 15231
559 21900
393 15426
185 7314
63 2556
255 10044
171 6768
61 2478
173 6846
173 6846
419 16440
558 21861
596 23343
89 3570
506 19833
267 10512
685 26814
322 12657
314 12345
236 9303
494 19365
472 18507
395 15504
989 38670
235 9264
223 8796
304 11955
141 5598
490 19209
133 5286
705 27594
417 16362
117 4662
657 25722
696 27243
985 38514
783 30636
350 13749
108 4311
353 13866
420 16479
892 34887
395 15504
202 7977
168 6651
195 7704
301 11838
558 21861
508 19911
726 28413
354 13905
972 38007
879 34380
802 31377
727 28452
133 5286
987 38592
765 29934
860 33639
663 25956
946 36993
634 24825
869 33990
201 7938
480 18819
218 8601
826 32313
156 6183
86 3453
821 32118
736 28803
643 25176
639 25020
916 35823
138 5481
209 8250
586 22953
292 11487
886 34653
330 12969
1008 39411
144 5715
156 6183
58 2361
264 10395
763 29856
781 30558
702 27477
38 1581
624 24435
917 35862
342 13437
359 14100
403 15816
115 4584
630 24669
957 37422
376 14763
56 2283
813 31806
11 528
344 13515
242 9537
504 19755
901 35238
368 14451
777 30402
16 723
594 23265
871 34068
306 12033
888 34731
495 19404
141 5598
607 23772
991 38748
519 20340
719 28140
724 28335
862 33717
910 35589
930 36369
323 12696
267 10512
107 4272
779 30480
593 23226
808 31611
388 15231
949 37110
37 1542
26 1113
679 26580
802 31377
306 12033
891 34848
909 35550
551 21588
314 12345
632 24747
966 37773
317 12462
134 5325
439 17220
603 23616
481 18858
879 34380
714 27945
814 31845
15 684
677 26502
641 25098
84 3375
309 12150
65 2634
333 13086
631 24708
492 19287
147 5832
130 5169
197 7782
774 30285
457 17922
392 15387
1005 39294
103 4116
438 17181
881 34458
624 24435
777 30402
469 18390
385 15114
272 10707
355 13944
867 33912
561 21978
724 28335
963 37656
145 5754
316 12423
143 5676
564 22095
443 17376
769 30090
339 13320
404 15855
822 32157
66 2673
111 4428
256 10083
35 1464
86 3453
23 996
403 15816
103 4116
523 20496
42 1737
825 32274
593 23226
730 28569
477 18702
972 38007
10 489
898 35121
556 21783
649 25410
407 15972
459 18000
136 5403
838 32781
526 20613
312 12267
362 14217
361 14178
877 34302
148 5871
719 28140
730 28569
816 31923
742 29037
123 4896
550 21549
676 26463
849 33210
235 9264
833 32586
593 23226
531 20808
43 1776
703 27516
209 8250
594 23265
893 34926
820 32079
110 4389
1001 39138
151 5988
458 17961
548 21471
469 18390
399 15660
850 33249
625 24474
359 14100
559 21900
785 30714
587 22992
688 26931
697 27282
52 2127
45 1854
379 14880
862 33717
54 2205
735 28764
877 34302
584 22875
503 19716
920 35979
470 18429
690 27009
696 27243
997 38982
926 36213
110 4389
278 10941
508 19911
139 5520
483 18936
359 14100
346 13593
554 21705
985 38514
520 20379
1006 39333
111 4428
162 6417
264 10395
724 28335
328 12891
846 33093
899 35160
257 10122
650 25449
524 20535
324 12735
614 24045
136 5403
315 12384
894 34965
995 38904
916 35823
845 33054
126 5013
715 27984
443 17376
100 3999
225 8874
47 1932
630 24669
106 4233
75 3024
46 1893
229 9030
825 32274
769 30090
967 37812
473 18546
48 1971
258 10161
458 17961
665 26034
104 4155
506 19833
517 20262
467 18312
335 13164
475 18624
33 1386
495 19404
777 30402
215 8484
814 31845
728 28491
859 33600
817 31962
292 11487
175 6924
584 22875
581 22758
269 10590
908 35511
746 29193
384 15075
51 2088
913 35706
941 36798
176 6963
30 1269
471 18468
87 3492
972 38007
47 1932
327 12852
41 1698
103 4116
712 27867
623 24396
776 30363
786 30753
483 18936
131 5208
668 26151
100 3999
811 31728
571 22368
351 13788
1004 39255
997 38982
23 996
801 31338
738 28881
351 13788
814 31845
857 33522
685 26814
166 6573
474 18585
479 18780
553 21666
394 15465
699 27360
651 25488
91 3648
829 32430
166 6573
215 8484
554 21705
149 5910
576 22563
571 22368
698 27321
530 20769
453 17766
670 26229
970 37929
566 22173
692 27087
588 23031
922 36057
809 31650
771 30168
49 2010
15 684
423 16596
297 11682
812 31767
984 38475
631 24708
297 11682
851 33288
999 39060
553 21666
794 31065
86 3453
346 13593
169 6690
290 11409
390 15309
897 35082
147 5832
769 30090
459 18000
47 1932
595 23304
230 9069
294 11565
237 9342
933 36486
819 32040
64 2595
801 31338
278 10941
303 11916
231 9108
64 2595
115 4584
493 19326
906 35433
710 27789
964 37695
757 29622
691 27048
1001 39138
180 7119
361 14178
178 7041
864 33795
141 5598
344 13515
55 2244
213 8406
275 10824
1005 39294
869 33990
885 34614
302 11877
1005 39294
775 30324
858 33561
418 16401
133 5286
82 3297
333 13086
372 14607
806 31533
921 36018
178 7041
490 19209
440 17259
209 8250
922 36057
250 9849
486 19053
662 25917
915 35784
625 24474
225 8874
580 22719
262 10317
693 27126
360 14139
280 11019
313 12306
933 36486
204 8055
651 25488
762 29817
16 723
389 15270
588 23031
774 30285
709 27750
742 29037
68 2751
937 36642
181 7158
413 16206
601 23538
745 29154
932 36447
519 20340
819 32040
765 29934
840 32859
522 20457
716 28023
129 5130
772 30207
278 10941
863 33756
671 26268
499 19560
551 21588
72 2907
69 2790
978 38241
818 32001
769 30090
609 23850
658 25761
359 14100
175 6924
866 33873
198 7821
818 32001
957 37422
159 6300
602 23577
473 18546
892 34887
87 3492
657 25722
618 24201
836 32703
699 27360
282 11097
177 7002
860 33639
796 31143
694 27165
227 8952
295 11604
218 8601
53 2166
498 19521
519 20340
486 19053
1007 39372
913 35706
256 10083
978 38241
453 17766
146 5793
228 8991
156 6183
214 8445
652 25527
240 9459
49 2010
623 24396
690 27009
486 19053
652 25527
534 20925
345 13554
74 2985
781 30558
895 35004
318 12501
78 3141
585 22914
473 18546
676 26463
135 5364
867 33912
1003 39216
772 30207
662 25917
283 11136
146 5793
257 10122
967 37812
25 1074
225 8874
246 9693
841 32898
238 9381
525 20574
443 17376
427 16752
436 17103
185 7314
995 38904
553 21666
677 26502
954 37305
34 1425
35 1464
756 29583
1005 39294
563 22056
727 28452
644 25215
817 31962
127 5052
563 22056
285 11214
431 16908
115 4584
603 23616
122 4857
709 27750
150 5949
548 21471
646 25293
899 35160
24 1035
779 30480
607 23772
438 17181
941 36798
286 11253
343 13476
130 5169
570 22329
310 12189
127 5052
923 36096
553 21666
376 14763
961 37578
747 29232
232 9147
248 9771
509 19950
700 27399
84 3375
731 28608
20 879
427 16752
116 4623
525 20574
869 33990
654 25605
939 36720
1004 39255
152 6027
27 1152
475 18624
248 9771
473 18546
85 3414
974 38085
759 29700
926 36213
778 30441
753 29466
367 14412
433 16986
623 24396
414 16245
806 31533
44 1815
419 16440
495 19404
962 37617
1000 39099
51 2088
521 20418
980 38319
402 15777
794 31065
393 15426
630 24669
828 32391
576 22563
865 33834
799 31260
527 20652
66 2673
870 34029
880 34419
647 25332
901 35238
337 13242
742 29037
621 24318
802 31377
397 15582
36 1503
317 12462
109 4350
451 17688
383 15036
900 35199
218 8601
70 2829
379 14880
515 20184
30 1269
490 19209
408 16011
63 2556
603 23616
193 7626
323 12696
140 5559
521 20418
57 2322
666 26073
541 21198
524 20535
560 21939
763 29856
288 11331
495 19404
885 34614
819 32040
50 2049
192 7587
1009 39450
97 3882
60 2439
690 27009
145 5754
864 33795
579 22680
838 32781
946 36993
136 5403
519 20340
581 22758
444 17415
387 15192
657 25722
682 26697
575 22524
539 21120
795 31104
752 29427
665 26034
726 28413
745 29154
278 10941
528 20691
329 12930
437 17142
538 21081
814 31845
619 24240
556 21783
339 13320
659 25800
458 17961
640 25059
168 6651
308 12111
878 34341
828 32391
467 18312
302 11877
445 17454
267 10512
390 15309
34 1425
39 1620
248 9771
541 21198
405 15894
276 10863
901 35238
906 35433
554 21705
165 6534
766 29973
882 34497
622 24357
505 19794
191 7548
988 38631
857 33522
659 25800
453 17766
318 12501
248 9771
204 8055
391 15348
267 10512
925 36174
876 34263
829 32430
418 16401
542 21237
665 26034
995 38904
171 6768
53 2166
639 25020
444 17415
942 36837
159 6300
271 10668
271 10668
989 38670
146 5793
826 32313
504 19755
860 33639
883 34536
141 5598
414 16245
361 14178
396 15543
480 18819
371 14568
662 25917
299 11760
130 5169
182 7197
360 14139
792 30987
127 5052
344 13515
787 30792
270 10629
977 38202
110 4389
892 34887
624 24435
694 27165
28 1191
859 33600
390 15309
947 37032
562 22017
307 12072
412 16167
20 879
507 19872
683 26736
576 22563
373 14646
987 38592
871 34068
999 39060
555 21744
721 28218
178 7041
305 11994
699 27360
794 31065
167 6612
624 24435
387 15192
416 16323
794 31065
350 13749
448 17571
372 14607
585 22914
167 6612
123 4896
947 37032
290 11409
979 38280
899 35160
140 5559
952 37227
475 18624
274 10785
873 34146
404 15855
537 21042
946 36993
993 38826
794 31065
175 6924
528 20691
478 18741
61 2478
654 25605
128 5091
429 16830
721 28218
562 22017
79 3180
439 17220
299 11760
105 4194
193 7626
340 13359
351 13788
111 4428
560 21939
315 12384
607 23772
497 19482
348 13671
146 5793
143 5676
834 32625
136 5403
361 14178
407 15972
533 20886
44 1815
212 8367
841 32898
210 8289
662 25917
926 36213
277 10902
211 8328
144 5715
156 6183
353 13866
434 17025
486 19053
510 19989
576 22563
124 4935
356 13983
911 35628
799 31260
100 3999
711 27828
507 19872
285 11214
430 16869
260 10239
931 36408
41 1698
664 25995
931 36408
274 10785
139 5520
122 4857
782 30597
309 12150
611 23928
519 20340
42 1737
877 34302
308 12111
367 14412
133 5286
1005 39294
687 26892
297 11682
45 1854
892 34887
89 3570
722 28257
1004 39255
804 31455
603 23616
30 1269
666 26073
754 29505
656 25683
873 34146
587 22992
312 12267
828 32391
671 26268
110 4389
422 16557
501 19638
191 7548
437 17142
907 35472
95 3804
83 3336
58 2361
84 3375
842 32937
527 20652
102 4077
838 32781
794 31065
557 21822
648 25371
811 31728
905 35394
923 36096
103 4116
635 24864
362 14217
853 33366
610 23889
419 16440
581 22758
488 19131
428 16791
540 21159
166 6573
231 9108
513 20106
161 6378
891 34848
604 23655
78 3141
896 35043
669 26190
345 13554
533 20886
815 31884
246 9693
939 36720
122 4857
527 20652
25 1074
486 19053
71 2868
258 10161
158 6261
427 16752
658 25761
332 13047
616 24123
709 27750
521 20418
677 26502
218 8601
275 10824
136 5403
538 21081
104 4155
626 24513
49 2010
953 37266
128 5091
868 33951
334 13125
1005 39294
140 5559
136 5403
260 10239
409 16050
998 39021
928 36291
91 3648
905 35394
931 36408
63 2556
535 20964
142 5637
1008 39411
986 38553
245 9654
402 15777
159 6300
200 7899
793 31026
715 27984
746 29193
184 7275
596 23343
936 36603
97 3882
907 35472
122 4857
982 38397
442 17337
310 12189
822 32157
708 27711
772 30207
724 28335
704 27555
586 22953
83 3336
15 684
671 26268
262 10317
156 6183
461 18078
799 31260
334 13125
833 32586
734 28725
805 31494
649 25410
600 23499
956 37383
983 38436
95 3804
324 12735
898 35121
179 7080
154 6105
60 2439
132 5247
442 17337
153 6066
528 20691
399 15660
901 35238
115 4584
871 34068
808 31611
942 36837
418 16401
460 18039
934 36525
609 23850
92 3687
975 38124
705 27594
322 12657
758 29661
797 31182
533 20886
329 12930
237 9342
669 26190
910 35589
942 36837
163 6456
184 7275
210 8289
411 16128
438 17181
995 38904
976 38163
964 37695
370 14529
824 32235
191 7548
600 23499
625 24474
884 34575
550 21549
155 6144
174 6885
519 20340
579 22680
104 4155
627 24552
284 11175
843 32976
115 4584
864 33795
720 28179
52 2127
754 29505
885 34614
500 19599
436 17103
305 11994
732 28647
61 2478
372 14607
793 31026
989 38670
236 9303
49 2010
644 25215
918 35901
205 8094
857 33522
328 12891
593 23226
761 29778
362 14217
240 9459
920 35979
894 34965
748 29271
879 34380
173 6846
217 8562
256 10083
545 21354
327 12852
29 1230
852 33327
266 10473
313 12306
178 7041
877 34302
303 11916
781 30558
143 5676
43 1776
621 24318
84 3375
402 15777
275 10824
188 7431
811 31728
595 23304
489 19170
144 5715
558 21861
721 28218
599 23460
617 24162
618 24201
478 18741
78 3141
935 36564
792 30987
805 31494
207 8172
906 35433
631 24708
238 9381
900 35199
733 28686
24 1035
942 36837
538 21081
887 34692
641 25098
48 1971
494 19365
979 38280
438 17181
533 20886
34 1425
515 20184
979 38280
856 33483
815 31884
789 30870
464 18195
636 24903
773 30246
118 4701
491 19248
468 18351
426 16713
767 30012
826 32313
84 3375
1001 39138
783 30636
769 30090
353 13866
643 25176
995 38904
470 18429
464 18195
612 23967
505 19794
561 21978
219 8640
536 21003
311 12228
647 25332
609 23850
583 22836
828 32391
68 2751
686 26853
221 8718
521 20418
91 3648
599 23460
422 16557
355 13944
534 20925
365 14334
323 12696
476 18663
793 31026
359 14100
717 28062
10 489
342 13437
608 23811
751 29388
995 38904
823 32196
282 11097
316 12423
171 6768
924 36135
192 7587
674 26385
971 37968
513 20106
764 29895
921 36018
950 37149
38 1581
156 6183
511 20028
917 35862
32 1347
243 9576
724 28335
695 27204
1009 39450
336 13203
144 5715
491 19248
134 5325
618 24201
453 17766
512 20067
825 32274
622 24357
92 3687
496 19443
49 2010
674 26385
317 12462
188 7431
372 14607
588 23031
446 17493
517 20262
133 5286
781 30558
475 18624
58 2361
145 5754
530 20769
391 15348
327 12852
473 18546
776 30363
101 4038
82 3297
935 36564
37 1542
527 20652
851 33288
171 6768
21 918
962 37617
705 27594
827 32352
548 21471
887 34692
227 8952
1000 39099
228 8991
327 12852
863 33756
17 762
916 35823
557 21822
440 17259
427 16752
363 14256
225 8874
468 18351
139 5520
263 10356
178 7041
923 36096
285 11214
98 3921
562 22017
729 28530
1002 39177
351 13788
993 38826
298 11721
683 26736
584 22875
733 28686
1006 39333
332 13047
654 25605
115 4584
925 36174
731 28608
665 26034
682 26697
769 30090
10 489
425 16674
287 11292
599 23460
274 10785
764 29895
985 38514
878 34341
549 21510
441 17298
284 11175
281 11058
233 9186
412 16167
142 5637
602 23577
701 27438
837 32742
715 27984
752 29427
164 6495
323 12696
242 9537
656 25683
608 23811
174 6885
210 8289
947 37032
779 30480
420 16479
984 38475
935 36564
868 33951
567 22212
863 33756
14 645
617 24162
589 23070
240 9459
768 30051
614 24045
35 1464
40 1659
687 26892
662 25917
663 25956
961 37578
319 12540
856 33483
897 35082
426 16713
508 19911
138 5481
320 12579
868 33951
503 19716
693 27126
39 1620
22 957
850 33249
959 37500
488 19131
312 12267
200 7899
442 17337
204 8055
148 5871
731 28608
629 24630
149 5910
243 9576
49 2010
423 16596
319 12540
159 6300
767 30012
475 18624
441 17298
966 37773
304 11955
442 17337
752 29427
130 5169
711 27828
972 38007
18 801
284 11175
439 17220
70 2829
645 25254
315 12384
519 20340
840 32859
568 22251
999 39060
449 17610
890 34809
91 3648
204 8055
917 35862
463 18156
277 10902
679 26580
456 17883
343 13476
279 10980
692 27087
73 2946
947 37032
555 21744
54 2205
171 6768
221 8718
963 37656
99 3960
341 13398
222 8757
956 37383
73 2946
230 9069
466 18273
133 5286
902 35277
590 23109
191 7548
951 37188
953 37266
689 26970
525 20574
708 27711
138 5481
800 31299
202 7977
353 13866
911 35628
863 33756
413 16206
943 36876
567 22212
634 24825
979 38280
653 25566
889 34770
29 1230
483 18936
30 1269
345 13554
419 16440
197 7782
222 8757
628 24591
456 17883
901 35238
837 32742
505 19794
864 33795
546 21393
97 3882
493 19326
96 3843
632 24747
886 34653
765 29934
66 2673
746 29193
418 16401
630 24669
969 37890
973 38046
775 30324
328 12891
65 2634
213 8406
492 19287
798 31221
538 21081
336 13203
117 4662
116 4623
919 35940
775 30324
973 38046
676 26463
464 18195
694 27165
519 20340
148 5871
66 2673
955 37344
441 17298
390 15309
197 7782
308 12111
19 840
361 14178
748 29271
96 3843
1003 39216
152 6027
572 22407
762 29817
217 8562
514 20145
401 15738
657 25722
826 32313
336 13203
718 28101
802 31377
233 9186
744 29115
266 10473
765 29934
614 24045
223 8796
411 16128
196 7743
692 27087
640 25059
384 15075
495 19404
291 11448
179 7080
137 5442
862 33717
421 16518
35 1464
194 7665
763 29856
999 39060
56 2283
665 26034
877 34302
862 33717
853 33366
173 6846
272 10707
421 16518
125 4974
990 38709
502 19677
62 2517
102 4077
544 21315
206 8133
999 39060
32 1347
638 24981
697 27282
654 25605
254 10005
597 23382
831 32508
98 3921
206 8133
24 1035
104 4155
635 24864
515 20184
822 32157
356 13983
599 23460
87 3492
351 13788
256 10083
580 22719
404 15855
354 13905
185 7314
361 14178
660 25839
855 33444
42 1737
388 15231
34 1425
193 7626
800 31299
411 16128
930 36369
865 33834
275 10824
736 28803
894 34965
511 20028
904 35355
146 5793
988 38631
224 8835
744 29115
854 33405
306 12033
497 19482
641 25098
259 10200
695 27204
683 26736
376 14763
308 12111
554 21705
961 37578
191 7548
766 29973
538 21081
668 26151
200 7899
928 36291
722 28257
731 28608
720 28179
896 35043
934 36525
314 12345
266 10473
484 18975
996 38943
540 21159
174 6885
145 5754
554 21705
891 34848
713 27906
643 25176
216 8523
780 30519
300 11799
562 22017
512 20067
419 16440
499 19560
767 30012
927 36252
268 10551
517 20262
274 10785
201 7938
346 13593
636 24903
846 33093
494 19365
14 645
704 27555
766 29973
163 6456
607 23772
544 21315
283 11136
913 35706
642 25137
769 30090
797 31182
1007 39372
994 38865
464 18195
757 29622
257 10122
449 17610
758 29661
489 19170
624 24435
36 1503
543 21276
414 16245
533 20886
437 17142
30 1269
530 20769
889 34770
736 28803
59 2400
852 33327
967 37812
530 20769
750 29349
972 38007
385 15114
739 28920
194 7665
500 19599
40 1659
94 3765
953 37266
994 38865
800 31299
473 18546
351 13788
93 3726
722 28257
340 13359
228 8991
19 840
953 37266
294 11565
192 7587
1002 39177
840 32859
482 18897
326 12813
533 20886
205 8094
84 3375
937 36642
388 15231
359 14100
178 7041
821 32118
356 13983
100 3999
13 606
73 2946
193 7626
132 5247
484 18975
227 8952
602 23577
667 26112
223 8796
148 5871
845 33054
792 30987
325 12774
849 33210
837 32742
260 10239
155 6144
200 7899
846 33093
414 16245
300 11799
779 30480
704 27555
478 18741
357 14022
496 19443
143 5676
493 19326
953 37266
273 10746
953 37266
898 35121
632 24747
858 33561
179 7080
805 31494
608 23811
441 17298
564 22095
632 24747
434 17025
288 11331
160 6339
255 10044
412 16167
932 36447
881 34458
488 19131
985 38514
457 17922
759 29700
434 17025
165 6534
391 15348
641 25098
740 28959
598 23421
72 2907
128 5091
163 6456
985 38514
535 20964
235 9264
810 31689
20 879
907 35472
110 4389
517 20262
594 23265
794 31065
909 35550
162 6417
520 20379
184 7275
455 17844
891 34848
411 16128
971 37968
786 30753
181 7158
207 8172
192 7587
22 957
289 11370
593 23226
111 4428
445 17454
834 32625
848 33171
297 11682
559 21900
873 34146
921 36018
760 29739
630 24669
584 22875
646 25293
564 22095
777 30402
916 35823
493 19326
895 35004
544 21315
913 35706
769 30090
81 3258
138 5481
734 28725
467 18312
480 18819
877 34302
21 918
847 33132
562 22017
170 6729
298 11721
594 23265
826 32313
179 7080
175 6924
235 9264
728 28491
719 28140
51 2088
333 13086
195 7704
78 3141
86 3453
275 10824
525 20574
763 29856
593 23226
393 15426
469 18390
155 6144
52 2127
142 5637
690 27009
392 15387
854 33405
892 34887
318 12501
377 14802
586 22953
209 8250
505 19794
329 12930
596 23343
138 5481
572 22407
761 29778
808 31611
88 3531
170 6729
15 684
751 29388
117 4662
722 28257
728 28491
163 6456
893 34926
105 4194
397 15582
872 34107
30 1269
376 14763
28 1191
940 36759
679 26580
333 13086
666 26073
496 19443
10 489
47 1932
209 8250
63 2556
940 36759
724 28335
708 27711
478 18741
243 9576
726 28413
35 1464
1005 39294
535 20964
479 18780
990 38709
78 3141
640 25059
732 28647
392 15387
718 28101
285 11214
421 16518
20 879
116 4623
660 25839
14 645
297 11682
691 27048
130 5169
640 25059
921 36018
391 15348
218 8601
509 19950
889 34770
107 4272
80 3219
239 9420
278 10941
614 24045
188 7431
366 14373
438 17181
154 6105
767 30012
372 14607
101 4038
584 22875
981 38358
723 28296
688 26931
199 7860
941 36798
862 33717
431 16908
123 4896
515 20184
626 24513
318 12501
389 15270
272 10707
474 18585
776 30363
458 17961
97 3882
234 9225
136 5403
231 9108
505 19794
555 21744
331 13008
543 21276
583 22836
598 23421
93 3726
29 1230
902 35277
920 35979
552 21627
210 8289
432 16947
110 4389
656 25683
255 10044
544 21315
123 4896
753 29466
796 31143
459 18000
879 34380
60 2439
95 3804
830 32469
556 21783
481 18858
678 26541
122 4857
690 27009
157 6222
674 26385
757 29622
805 31494
896 35043
222 8757
472 18507
122 4857
50 2049
15 684
923 36096
692 27087
787 30792
615 24084
835 32664
865 33834
800 31299
471 18468
630 24669
670 26229
313 12306
557 21822
577 22602
666 26073
461 18078
578 22641
217 8562
110 4389
734 28725
416 16323
488 19131
443 17376
699 27360
121 4818
67 2712
913 35706
224 8835
583 22836
399 15660
260 10239
152 6027
562 22017
866 33873
711 27828
1008 39411
403 15816
528 20691
171 6768
175 6924
816 31923
861 33678
462 18117
669 26190
104 4155
533 20886
850 33249
996 38943
703 27516
537 21042
710 27789
330 12969
979 38280
98 3921
977 38202
42 1737
143 5676
41 1698
649 25410
246 9693
866 33873
656 25683
590 23109
105 4194
416 16323
726 28413
694 27165
195 7704
795 31104
177 7002
248 9771
394 15465
193 7626
203 8016
700 27399
476 18663
385 15114
441 17298
807 31572
269 10590
604 23655
562 22017
656 25683
404 15855
818 32001
21 918
157 6222
358 14061
673 26346
216 8523
59 2400
859 33600
138 5481
797 31182
756 29583
841 32898
699 27360
624 24435
967 37812
14 645
444 17415
772 30207
420 16479
994 38865
422 16557
531 20808
358 14061
335 13164
374 14685
678 26541
50 2049
576 22563
913 35706
1002 39177
797 31182
717 28062
230 9069
422 16557
50 2049
90 3609
365 14334
688 26931
126 5013
650 25449
610 23889
332 13047
338 13281
302 11877
258 10161
136 5403
891 34848
433 16986
179 7080
21 918
815 31884
961 37578
177 7002
365 14334
246 9693
171 6768
619 24240
44 1815
64 2595
263 10356
1010 39489
147 5832
549 21510
893 34926
964 37695
279 10980
334 13125
980 38319
198 7821
468 18351
489 19170
124 4935
911 35628
785 30714
717 28062
440 17259
166 6573
826 32313
969 37890
860 33639
321 12618
679 26580
750 29349
197 7782
173 6846
66 2673
740 28959
794 31065
163 6456
707 27672
827 32352
384 15075
276 10863
516 20223
425 16674
424 16635
99 3960
37 1542
212 8367
199 7860
485 19014
441 17298
137 5442
281 11058
995 38904
507 19872
840 32859
103 4116
991 38748
866 33873
985 38514
319 12540
344 13515
807 31572
274 10785
972 38007
956 37383
242 9537
149 5910
587 22992
424 16635
290 11409
291 11448
927 36252
679 26580
336 13203
800 31299
719 28140
574 22485
968 37851
19 840
165 6534
54 2205
820 32079
820 32079
97 3882
28 1191
734 28725
382 14997
420 16479
19 840
678 26541
1004 39255
185 7314
385 15114
181 7158
93 3726
811 31728
215 8484
293 11526
407 15972
77 3102
19 840
828 32391
450 17649
438 17181
687 26892
725 28374
742 29037
811 31728
319 12540
51 2088
187 7392
849 33210
658 25761
708 27711
364 14295
372 14607
1009 39450
966 37773
